pid task soa correct sub
10 0 2 0 1
10 0 1 1 1
10 0 1 1 1
10 0 2 1 1
10 0 2 1 1
10 0 3 1 1
10 0 3 1 1
10 0 4 1 1
10 0 4 0 1
10 0 3 1 1
10 0 3 1 1
10 0 4 1 1
10 0 4 1 1
10 0 5 0 1
10 0 4 0 1
10 0 3 1 1
10 0 3 1 1
10 0 4 1 1
10 0 4 1 1
10 0 5 1 1
10 0 5 0 1
10 0 4 0 1
10 0 3 0 1
10 0 2 1 1
10 0 2 1 1
10 0 3 1 1
10 0 3 1 1
10 0 4 1 1
10 0 4 1 1
10 0 5 1 1
10 0 5 0 1
10 0 4 0 1
10 0 3 1 1
10 0 3 1 1
10 0 4 1 1
10 0 4 1 1
10 0 5 0 1
10 0 4 1 1
10 0 4 0 1
10 0 3 1 1
10 0 3 1 1
10 0 4 0 1
10 0 3 1 1
10 0 3 0 1
10 0 2 1 1
10 0 2 1 1
10 0 3 1 1
10 0 3 1 1
10 0 4 1 1
10 0 4 1 1
10 0 5 0 1
10 0 4 1 1
10 0 4 1 1
10 0 5 0 1
10 0 4 1 1
10 0 4 0 1
10 0 3 1 1
10 0 3 1 1
10 0 4 0 1
10 0 3 0 1
10 0 2 1 1
10 0 2 1 1
10 0 3 1 1
10 0 3 0 1
10 0 2 0 1
10 1 9 1 1
10 1 9 1 1
10 1 8 1 1
10 1 8 1 1
10 1 7 1 1
10 1 7 1 1
10 1 6 0 1
10 1 7 1 1
10 1 7 1 1
10 1 6 1 1
10 1 6 1 1
10 1 5 1 1
10 1 5 1 1
10 1 4 1 1
10 1 4 1 1
10 1 3 0 1
10 1 4 1 1
10 1 4 0 1
10 1 5 1 1
10 1 5 1 1
10 1 4 0 1
10 1 5 1 1
10 1 5 0 1
10 1 6 1 1
10 1 6 1 1
10 1 5 1 1
10 1 5 1 1
10 1 4 0 1
10 1 5 1 1
10 1 5 1 1
10 1 4 1 1
10 1 4 0 1
10 1 5 1 1
10 1 5 0 1
10 1 6 1 1
10 1 6 1 1
10 1 5 1 1
10 1 5 1 1
10 1 4 1 1
10 1 4 1 1
10 1 3 0 1
10 1 4 1 1
10 1 4 1 1
10 1 3 1 1
10 1 3 0 1
10 1 4 1 1
10 1 4 0 1
10 1 5 0 1
10 1 6 1 1
10 1 6 0 1
10 1 7 1 1
10 1 7 1 1
10 1 6 1 1
10 1 6 1 1
10 1 5 1 1
10 1 5 1 1
10 1 4 1 1
10 1 4 1 1
10 1 3 1 1
10 1 3 1 1
10 1 2 0 1
10 1 3 0 1
10 1 4 1 1
10 1 4 0 1
10 1 5 0 1
10 0 1 1 1
10 0 1 0 1
10 0 1 1 1
10 0 1 1 1
10 0 2 1 1
10 0 2 1 1
10 0 3 1 1
10 0 3 1 1
10 0 4 1 1
10 0 4 1 1
10 0 5 0 1
10 0 4 1 1
10 0 4 1 1
10 0 5 0 1
10 0 4 1 1
10 0 4 0 1
10 0 3 1 1
10 0 3 1 1
10 0 4 1 1
10 0 4 1 1
10 0 5 1 1
10 0 5 1 1
10 0 6 1 1
10 0 6 0 1
10 0 5 0 1
10 0 4 1 1
10 0 4 0 1
10 0 3 1 1
10 0 3 1 1
10 0 4 1 1
10 0 4 1 1
10 0 5 0 1
10 0 4 1 1
10 0 4 1 1
10 0 5 1 1
10 0 5 1 1
10 0 6 0 1
10 0 5 1 1
10 0 5 1 1
10 0 6 0 1
10 0 5 0 1
10 0 4 1 1
10 0 4 1 1
10 0 5 1 1
10 0 5 1 1
10 0 6 0 1
10 0 5 1 1
10 0 5 1 1
10 0 6 1 1
10 0 6 0 1
10 0 5 1 1
10 0 5 1 1
10 0 6 1 1
10 0 6 0 1
10 0 5 1 1
10 0 5 0 1
10 0 4 1 1
10 0 4 1 1
10 0 5 1 1
10 0 5 0 1
10 0 4 1 1
10 0 4 0 1
10 0 3 1 1
10 0 3 1 1
10 0 4 0 1
10 1 6 1 1
10 1 6 1 1
10 1 5 1 1
10 1 5 0 1
10 1 6 1 1
10 1 6 1 1
10 1 5 1 1
10 1 5 1 1
10 1 4 1 1
10 1 4 1 1
10 1 3 0 1
10 1 4 1 1
10 1 4 1 1
10 1 3 0 1
10 1 4 1 1
10 1 4 0 1
10 1 5 1 1
10 1 5 1 1
10 1 4 1 1
10 1 4 1 1
10 1 3 0 1
10 1 4 0 1
10 1 5 1 1
10 1 5 0 1
10 1 6 1 1
10 1 6 1 1
10 1 5 1 1
10 1 5 1 1
10 1 4 1 1
10 1 4 1 1
10 1 3 1 1
10 1 3 1 1
10 1 2 0 1
10 1 3 1 1
10 1 3 1 1
10 1 2 0 1
10 1 3 1 1
10 1 3 1 1
10 1 2 0 1
10 1 3 0 1
10 1 4 0 1
10 1 5 0 1
10 1 6 1 1
10 1 6 0 1
10 1 7 1 1
10 1 7 1 1
10 1 6 0 1
10 1 7 0 1
10 1 8 1 1
10 1 8 1 1
10 1 7 0 1
10 1 8 1 1
10 1 8 1 1
10 1 7 1 1
10 1 7 0 1
10 1 8 1 1
10 1 8 1 1
10 1 7 1 1
10 1 7 1 1
10 1 6 1 1
10 1 6 1 1
10 1 5 1 1
10 1 5 0 1
10 1 6 0 1
10 1 7 1 1
11 0 3 0 2
11 0 2 1 2
11 0 2 1 2
11 0 3 1 2
11 0 3 1 2
11 0 4 0 2
11 0 3 1 2
11 0 3 0 2
11 0 2 1 2
11 0 2 1 2
11 0 3 1 2
11 0 3 1 2
11 0 4 1 2
11 0 4 0 2
11 0 3 1 2
11 0 3 0 2
11 0 2 1 2
11 0 2 0 2
11 0 1 0 2
11 0 1 1 2
11 0 1 1 2
11 0 2 1 2
11 0 2 1 2
11 0 3 0 2
11 0 2 1 2
11 0 2 1 2
11 0 3 1 2
11 0 3 0 2
11 0 2 0 2
11 0 1 1 2
11 0 1 0 2
11 0 1 1 2
11 0 1 1 2
11 0 2 0 2
11 0 1 1 2
11 0 1 0 2
11 0 1 1 2
11 0 1 1 2
11 0 2 1 2
11 0 2 1 2
11 0 3 0 2
11 0 2 0 2
11 0 1 0 2
11 0 1 1 2
11 0 1 1 2
11 0 2 1 2
11 0 2 1 2
11 0 3 0 2
11 0 2 1 2
11 0 2 0 2
11 0 1 1 2
11 0 1 1 2
11 0 2 1 2
11 0 2 1 2
11 0 3 1 2
11 0 3 0 2
11 0 2 0 2
11 0 1 1 2
11 0 1 1 2
11 0 2 0 2
11 0 1 1 2
11 0 1 1 2
11 0 2 1 2
11 0 2 1 2
11 0 3 0 2
11 1 15 1 2
11 1 15 1 2
11 1 14 0 2
11 1 15 0 2
11 1 16 1 2
11 1 16 1 2
11 1 15 0 2
11 1 16 1 2
11 1 16 1 2
11 1 15 1 2
11 1 15 1 2
11 1 14 1 2
11 1 14 1 2
11 1 13 1 2
11 1 13 1 2
11 1 12 1 2
11 1 12 0 2
11 1 13 1 2
11 1 13 1 2
11 1 12 1 2
11 1 12 1 2
11 1 11 1 2
11 1 11 1 2
11 1 10 1 2
11 1 10 0 2
11 1 11 1 2
11 1 11 1 2
11 1 10 1 2
11 1 10 1 2
11 1 9 1 2
11 1 9 1 2
11 1 8 1 2
11 1 8 1 2
11 1 7 1 2
11 1 7 1 2
11 1 6 1 2
11 1 6 1 2
11 1 5 0 2
11 1 6 0 2
11 1 7 1 2
11 1 7 0 2
11 1 8 1 2
11 1 8 0 2
11 1 9 1 2
11 1 9 1 2
11 1 8 1 2
11 1 8 0 2
11 1 9 1 2
11 1 9 1 2
11 1 8 1 2
11 1 8 0 2
11 1 9 1 2
11 1 9 1 2
11 1 8 1 2
11 1 8 1 2
11 1 7 1 2
11 1 7 1 2
11 1 6 1 2
11 1 6 1 2
11 1 5 1 2
11 1 5 1 2
11 1 4 0 2
11 1 5 1 2
11 1 5 0 2
11 1 6 1 2
11 0 2 0 2
11 0 1 1 2
11 0 1 1 2
11 0 2 1 2
11 0 2 1 2
11 0 3 0 2
11 0 2 1 2
11 0 2 1 2
11 0 3 0 2
11 0 2 0 2
11 0 1 0 2
11 0 1 0 2
11 0 1 1 2
11 0 1 1 2
11 0 2 1 2
11 0 2 1 2
11 0 3 0 2
11 0 2 0 2
11 0 1 0 2
11 0 1 1 2
11 0 1 1 2
11 0 2 0 2
11 0 1 0 2
11 0 1 0 2
11 0 1 0 2
11 0 1 0 2
11 0 1 0 2
11 0 1 1 2
11 0 1 0 2
11 0 1 0 2
11 0 1 0 2
11 0 1 0 2
11 0 1 0 2
11 0 1 0 2
11 0 1 1 2
11 0 1 0 2
11 0 1 0 2
11 0 1 0 2
11 0 1 1 2
11 0 1 1 2
11 0 2 1 2
11 0 2 1 2
11 0 3 0 2
11 0 2 0 2
11 0 1 0 2
11 0 1 1 2
11 0 1 1 2
11 0 2 0 2
11 0 1 0 2
11 0 1 0 2
11 0 1 0 2
11 0 1 0 2
11 0 1 0 2
11 0 1 1 2
11 0 1 0 2
11 0 1 1 2
11 0 1 0 2
11 0 1 0 2
11 0 1 0 2
11 0 1 1 2
11 0 1 1 2
11 0 2 0 2
11 0 1 0 2
11 0 1 1 2
11 0 1 1 2
11 1 6 1 2
11 1 6 1 2
11 1 5 1 2
11 1 5 1 2
11 1 4 1 2
11 1 4 1 2
11 1 3 0 2
11 1 4 0 2
11 1 5 1 2
11 1 5 1 2
11 1 4 0 2
11 1 5 1 2
11 1 5 1 2
11 1 4 0 2
11 1 5 1 2
11 1 5 0 2
11 1 6 1 2
11 1 6 1 2
11 1 5 0 2
11 1 6 1 2
11 1 6 1 2
11 1 5 1 2
11 1 5 1 2
11 1 4 0 2
11 1 5 0 2
11 1 6 1 2
11 1 6 1 2
11 1 5 1 2
11 1 5 1 2
11 1 4 0 2
11 1 5 1 2
11 1 5 1 2
11 1 4 1 2
11 1 4 1 2
11 1 3 1 2
11 1 3 0 2
11 1 4 0 2
11 1 5 1 2
11 1 5 0 2
11 1 6 1 2
11 1 6 1 2
11 1 5 0 2
11 1 6 1 2
11 1 6 1 2
11 1 5 0 2
11 1 6 1 2
11 1 6 1 2
11 1 5 1 2
11 1 5 0 2
11 1 6 1 2
11 1 6 1 2
11 1 5 1 2
11 1 5 1 2
11 1 4 0 2
11 1 5 1 2
11 1 5 1 2
11 1 4 1 2
11 1 4 1 2
11 1 3 0 2
11 1 4 0 2
11 1 5 0 2
11 1 6 0 2
11 1 7 1 2
11 1 7 1 2
11 1 6 0 2
12 0 5 1 3
12 0 5 1 3
12 0 6 0 3
12 0 5 0 3
12 0 4 1 3
12 0 4 1 3
12 0 5 1 3
12 0 5 1 3
12 0 6 1 3
12 0 6 1 3
12 0 7 1 3
12 0 7 0 3
12 0 6 0 3
12 0 5 0 3
12 0 4 1 3
12 0 4 1 3
12 0 5 1 3
12 0 5 1 3
12 0 6 1 3
12 0 6 1 3
12 0 7 0 3
12 0 6 0 3
12 0 5 0 3
12 0 4 0 3
12 0 3 0 3
12 0 2 1 3
12 0 2 1 3
12 0 3 1 3
12 0 3 0 3
12 0 2 1 3
12 0 2 1 3
12 0 3 1 3
12 0 3 1 3
12 0 4 1 3
12 0 4 1 3
12 0 5 1 3
12 0 5 1 3
12 0 6 1 3
12 0 6 1 3
12 0 7 1 3
12 0 7 1 3
12 0 8 0 3
12 0 7 0 3
12 0 6 1 3
12 0 6 1 3
12 0 7 0 3
12 0 6 0 3
12 0 5 1 3
12 0 5 1 3
12 0 6 0 3
12 0 5 1 3
12 0 5 0 3
12 0 4 1 3
12 0 4 0 3
12 0 3 1 3
12 0 3 1 3
12 0 4 0 3
12 0 3 1 3
12 0 3 1 3
12 0 4 1 3
12 0 4 1 3
12 0 5 1 3
12 0 5 1 3
12 0 6 1 3
12 0 6 1 3
12 1 1 0 3
12 1 2 1 3
12 1 2 0 3
12 1 3 0 3
12 1 4 0 3
12 1 5 1 3
12 1 5 1 3
12 1 4 1 3
12 1 4 1 3
12 1 3 1 3
12 1 3 0 3
12 1 4 0 3
12 1 5 1 3
12 1 5 1 3
12 1 4 1 3
12 1 4 1 3
12 1 3 0 3
12 1 4 1 3
12 1 4 0 3
12 1 5 1 3
12 1 5 1 3
12 1 4 1 3
12 1 4 0 3
12 1 5 0 3
12 1 6 0 3
12 1 7 1 3
12 1 7 1 3
12 1 6 1 3
12 1 6 1 3
12 1 5 1 3
12 1 5 1 3
12 1 4 1 3
12 1 4 1 3
12 1 3 1 3
12 1 3 0 3
12 1 4 1 3
12 1 4 0 3
12 1 5 0 3
12 1 6 0 3
12 1 7 0 3
12 1 8 1 3
12 1 8 1 3
12 1 7 1 3
12 1 7 1 3
12 1 6 1 3
12 1 6 1 3
12 1 5 1 3
12 1 5 1 3
12 1 4 1 3
12 1 4 1 3
12 1 3 1 3
12 1 3 0 3
12 1 4 0 3
12 1 5 0 3
12 1 6 1 3
12 1 6 0 3
12 1 7 0 3
12 1 8 1 3
12 1 8 0 3
12 1 9 1 3
12 1 9 1 3
12 1 8 1 3
12 1 8 1 3
12 1 7 1 3
12 1 7 1 3
12 0 7 1 3
12 0 7 0 3
12 0 6 0 3
12 0 5 0 3
12 0 4 1 3
12 0 4 1 3
12 0 5 1 3
12 0 5 1 3
12 0 6 1 3
12 0 6 1 3
12 0 7 1 3
12 0 7 0 3
12 0 6 0 3
12 0 5 0 3
12 0 4 1 3
12 0 4 1 3
12 0 5 1 3
12 0 5 0 3
12 0 4 1 3
12 0 4 1 3
12 0 5 1 3
12 0 5 0 3
12 0 4 1 3
12 0 4 1 3
12 0 5 1 3
12 0 5 1 3
12 0 6 1 3
12 0 6 0 3
12 0 5 1 3
12 0 5 1 3
12 0 6 1 3
12 0 6 0 3
12 0 5 1 3
12 0 5 1 3
12 0 6 1 3
12 0 6 1 3
12 0 7 0 3
12 0 6 1 3
12 0 6 1 3
12 0 7 1 3
12 0 7 0 3
12 0 6 0 3
12 0 5 1 3
12 0 5 1 3
12 0 6 1 3
12 0 6 0 3
12 0 5 1 3
12 0 5 1 3
12 0 6 1 3
12 0 6 0 3
12 0 5 1 3
12 0 5 1 3
12 0 6 1 3
12 0 6 1 3
12 0 7 1 3
12 0 7 1 3
12 0 8 0 3
12 0 7 1 3
12 0 7 1 3
12 0 8 0 3
12 0 7 1 3
12 0 7 0 3
12 0 6 1 3
12 0 6 0 3
12 0 5 1 3
12 1 6 1 3
12 1 6 1 3
12 1 5 1 3
12 1 5 1 3
12 1 4 1 3
12 1 4 0 3
12 1 5 0 3
12 1 6 1 3
12 1 6 1 3
12 1 5 1 3
12 1 5 0 3
12 1 6 0 3
12 1 7 1 3
12 1 7 1 3
12 1 6 1 3
12 1 6 1 3
12 1 5 1 3
12 1 5 1 3
12 1 4 1 3
12 1 4 1 3
12 1 3 1 3
12 1 3 0 3
12 1 4 1 3
12 1 4 1 3
12 1 3 1 3
12 1 3 1 3
12 1 2 0 3
12 1 3 0 3
12 1 4 0 3
12 1 5 1 3
12 1 5 1 3
12 1 4 1 3
12 1 4 1 3
12 1 3 1 3
12 1 3 1 3
12 1 2 0 3
12 1 3 0 3
12 1 4 1 3
12 1 4 0 3
12 1 5 1 3
12 1 5 1 3
12 1 4 0 3
12 1 5 1 3
12 1 5 1 3
12 1 4 1 3
12 1 4 0 3
12 1 5 1 3
12 1 5 1 3
12 1 4 1 3
12 1 4 1 3
12 1 3 1 3
12 1 3 0 3
12 1 4 1 3
12 1 4 1 3
12 1 3 0 3
12 1 4 1 3
12 1 4 1 3
12 1 3 0 3
12 1 4 1 3
12 1 4 0 3
12 1 5 0 3
12 1 6 1 3
12 1 6 1 3
12 1 5 1 3
12 1 5 1 3
13 0 4 0 4
13 0 3 1 4
13 0 3 0 4
13 0 2 1 4
13 0 2 0 4
13 0 1 1 4
13 0 1 1 4
13 0 2 0 4
13 0 1 1 4
13 0 1 1 4
13 0 2 1 4
13 0 2 1 4
13 0 3 1 4
13 0 3 1 4
13 0 4 0 4
13 0 3 1 4
13 0 3 0 4
13 0 2 1 4
13 0 2 1 4
13 0 3 1 4
13 0 3 1 4
13 0 4 1 4
13 0 4 1 4
13 0 5 0 4
13 0 4 0 4
13 0 3 1 4
13 0 3 1 4
13 0 4 1 4
13 0 4 1 4
13 0 5 0 4
13 0 4 0 4
13 0 3 1 4
13 0 3 0 4
13 0 2 1 4
13 0 2 1 4
13 0 3 1 4
13 0 3 1 4
13 0 4 1 4
13 0 4 1 4
13 0 5 1 4
13 0 5 1 4
13 0 6 0 4
13 0 5 0 4
13 0 4 1 4
13 0 4 1 4
13 0 5 1 4
13 0 5 1 4
13 0 6 0 4
13 0 5 0 4
13 0 4 1 4
13 0 4 1 4
13 0 5 1 4
13 0 5 1 4
13 0 6 0 4
13 0 5 0 4
13 0 4 1 4
13 0 4 1 4
13 0 5 1 4
13 0 5 1 4
13 0 6 1 4
13 0 6 1 4
13 0 7 0 4
13 0 6 0 4
13 0 5 1 4
13 0 5 1 4
13 1 6 1 4
13 1 6 0 4
13 1 7 1 4
13 1 7 1 4
13 1 6 0 4
13 1 7 1 4
13 1 7 1 4
13 1 6 0 4
13 1 7 1 4
13 1 7 0 4
13 1 8 1 4
13 1 8 1 4
13 1 7 1 4
13 1 7 1 4
13 1 6 1 4
13 1 6 1 4
13 1 5 0 4
13 1 6 0 4
13 1 7 0 4
13 1 8 1 4
13 1 8 0 4
13 1 9 1 4
13 1 9 1 4
13 1 8 1 4
13 1 8 1 4
13 1 7 1 4
13 1 7 1 4
13 1 6 1 4
13 1 6 0 4
13 1 7 1 4
13 1 7 1 4
13 1 6 1 4
13 1 6 1 4
13 1 5 0 4
13 1 6 0 4
13 1 7 0 4
13 1 8 1 4
13 1 8 1 4
13 1 7 1 4
13 1 7 1 4
13 1 6 1 4
13 1 6 1 4
13 1 5 0 4
13 1 6 1 4
13 1 6 1 4
13 1 5 0 4
13 1 6 1 4
13 1 6 1 4
13 1 5 0 4
13 1 6 1 4
13 1 6 1 4
13 1 5 1 4
13 1 5 1 4
13 1 4 1 4
13 1 4 1 4
13 1 3 0 4
13 1 4 1 4
13 1 4 0 4
13 1 5 1 4
13 1 5 1 4
13 1 4 1 4
13 1 4 1 4
13 1 3 1 4
13 1 3 0 4
13 1 4 0 4
13 0 6 0 4
13 0 5 1 4
13 0 5 1 4
13 0 6 0 4
13 0 5 0 4
13 0 4 1 4
13 0 4 0 4
13 0 3 1 4
13 0 3 1 4
13 0 4 0 4
13 0 3 0 4
13 0 2 1 4
13 0 2 0 4
13 0 1 1 4
13 0 1 1 4
13 0 2 1 4
13 0 2 0 4
13 0 1 1 4
13 0 1 1 4
13 0 2 1 4
13 0 2 0 4
13 0 1 1 4
13 0 1 1 4
13 0 2 0 4
13 0 1 1 4
13 0 1 0 4
13 0 1 1 4
13 0 1 1 4
13 0 2 1 4
13 0 2 1 4
13 0 3 0 4
13 0 2 0 4
13 0 1 0 4
13 0 1 1 4
13 0 1 1 4
13 0 2 1 4
13 0 2 0 4
13 0 1 1 4
13 0 1 0 4
13 0 1 1 4
13 0 1 1 4
13 0 2 1 4
13 0 2 1 4
13 0 3 1 4
13 0 3 0 4
13 0 2 1 4
13 0 2 1 4
13 0 3 1 4
13 0 3 0 4
13 0 2 1 4
13 0 2 1 4
13 0 3 1 4
13 0 3 1 4
13 0 4 1 4
13 0 4 1 4
13 0 5 1 4
13 0 5 1 4
13 0 6 0 4
13 0 5 1 4
13 0 5 1 4
13 0 6 1 4
13 0 6 1 4
13 0 7 1 4
13 0 7 0 4
13 0 6 0 4
13 1 5 1 4
13 1 5 0 4
13 1 6 1 4
13 1 6 0 4
13 1 7 1 4
13 1 7 1 4
13 1 6 1 4
13 1 6 1 4
13 1 5 0 4
13 1 6 0 4
13 1 7 1 4
13 1 7 1 4
13 1 6 1 4
13 1 6 1 4
13 1 5 1 4
13 1 5 1 4
13 1 4 1 4
13 1 4 1 4
13 1 3 0 4
13 1 4 1 4
13 1 4 0 4
13 1 5 1 4
13 1 5 1 4
13 1 4 0 4
13 1 5 0 4
13 1 6 0 4
13 1 7 1 4
13 1 7 1 4
13 1 6 1 4
13 1 6 0 4
13 1 7 0 4
13 1 8 0 4
13 1 9 1 4
13 1 9 0 4
13 1 10 1 4
13 1 10 1 4
13 1 9 1 4
13 1 9 1 4
13 1 8 1 4
13 1 8 1 4
13 1 7 1 4
13 1 7 1 4
13 1 6 1 4
13 1 6 1 4
13 1 5 0 4
13 1 6 1 4
13 1 6 1 4
13 1 5 0 4
13 1 6 1 4
13 1 6 1 4
13 1 5 1 4
13 1 5 1 4
13 1 4 0 4
13 1 5 1 4
13 1 5 0 4
13 1 6 0 4
13 1 7 1 4
13 1 7 1 4
13 1 6 1 4
13 1 6 0 4
13 1 7 1 4
13 1 7 1 4
13 1 6 1 4
13 1 6 1 4
13 1 5 1 4
14 0 8 1 5
14 0 8 1 5
14 0 9 0 5
14 0 8 1 5
14 0 8 1 5
14 0 9 1 5
14 0 9 0 5
14 0 8 1 5
14 0 8 1 5
14 0 9 0 5
14 0 8 1 5
14 0 8 1 5
14 0 9 0 5
14 0 8 1 5
14 0 8 1 5
14 0 9 1 5
14 0 9 1 5
14 0 10 0 5
14 0 9 0 5
14 0 8 1 5
14 0 8 1 5
14 0 9 1 5
14 0 9 1 5
14 0 10 1 5
14 0 10 1 5
14 0 11 0 5
14 0 10 1 5
14 0 10 1 5
14 0 11 1 5
14 0 11 1 5
14 0 12 0 5
14 0 11 1 5
14 0 11 1 5
14 0 12 0 5
14 0 11 1 5
14 0 11 1 5
14 0 12 0 5
14 0 11 0 5
14 0 10 1 5
14 0 10 0 5
14 0 9 1 5
14 0 9 1 5
14 0 10 0 5
14 0 9 0 5
14 0 8 0 5
14 0 7 0 5
14 0 6 1 5
14 0 6 1 5
14 0 7 0 5
14 0 6 0 5
14 0 5 1 5
14 0 5 0 5
14 0 4 1 5
14 0 4 1 5
14 0 5 0 5
14 0 4 1 5
14 0 4 1 5
14 0 5 1 5
14 0 5 1 5
14 0 6 1 5
14 0 6 1 5
14 0 7 1 5
14 0 7 1 5
14 0 8 0 5
14 0 7 1 5
14 1 1 1 5
14 1 1 0 5
14 1 2 0 5
14 1 3 1 5
14 1 3 1 5
14 1 2 0 5
14 1 3 1 5
14 1 3 1 5
14 1 2 0 5
14 1 3 0 5
14 1 4 1 5
14 1 4 1 5
14 1 3 1 5
14 1 3 1 5
14 1 2 0 5
14 1 3 0 5
14 1 4 1 5
14 1 4 1 5
14 1 3 1 5
14 1 3 0 5
14 1 4 1 5
14 1 4 1 5
14 1 3 1 5
14 1 3 1 5
14 1 2 1 5
14 1 2 1 5
14 1 1 1 5
14 1 1 0 5
14 1 2 0 5
14 1 3 0 5
14 1 4 1 5
14 1 4 1 5
14 1 3 1 5
14 1 3 1 5
14 1 2 1 5
14 1 2 1 5
14 1 1 1 5
14 1 1 0 5
14 1 2 0 5
14 1 3 0 5
14 1 4 1 5
14 1 4 1 5
14 1 3 1 5
14 1 3 1 5
14 1 2 0 5
14 1 3 1 5
14 1 3 1 5
14 1 2 1 5
14 1 2 0 5
14 1 3 1 5
14 1 3 1 5
14 1 2 1 5
14 1 2 1 5
14 1 1 0 5
14 1 2 0 5
14 1 3 1 5
14 1 3 0 5
14 1 4 1 5
14 1 4 1 5
14 1 3 1 5
14 1 3 1 5
14 1 2 0 5
14 1 3 0 5
14 1 4 1 5
14 1 4 1 5
14 0 7 0 5
14 0 6 0 5
14 0 5 1 5
14 0 5 1 5
14 0 6 1 5
14 0 6 1 5
14 0 7 1 5
14 0 7 0 5
14 0 6 1 5
14 0 6 1 5
14 0 7 0 5
14 0 6 1 5
14 0 6 0 5
14 0 5 1 5
14 0 5 1 5
14 0 6 1 5
14 0 6 1 5
14 0 7 0 5
14 0 6 1 5
14 0 6 1 5
14 0 7 1 5
14 0 7 1 5
14 0 8 1 5
14 0 8 1 5
14 0 9 0 5
14 0 8 1 5
14 0 8 0 5
14 0 7 1 5
14 0 7 0 5
14 0 6 1 5
14 0 6 1 5
14 0 7 0 5
14 0 6 1 5
14 0 6 1 5
14 0 7 1 5
14 0 7 1 5
14 0 8 1 5
14 0 8 1 5
14 0 9 1 5
14 0 9 1 5
14 0 10 0 5
14 0 9 1 5
14 0 9 0 5
14 0 8 1 5
14 0 8 0 5
14 0 7 1 5
14 0 7 1 5
14 0 8 1 5
14 0 8 1 5
14 0 9 0 5
14 0 8 1 5
14 0 8 1 5
14 0 9 1 5
14 0 9 1 5
14 0 10 1 5
14 0 10 0 5
14 0 9 1 5
14 0 9 0 5
14 0 8 0 5
14 0 7 1 5
14 0 7 1 5
14 0 8 1 5
14 0 8 0 5
14 0 7 1 5
14 0 7 1 5
14 1 3 1 5
14 1 3 1 5
14 1 2 1 5
14 1 2 1 5
14 1 1 0 5
14 1 2 0 5
14 1 3 1 5
14 1 3 0 5
14 1 4 1 5
14 1 4 1 5
14 1 3 0 5
14 1 4 1 5
14 1 4 1 5
14 1 3 1 5
14 1 3 1 5
14 1 2 1 5
14 1 2 0 5
14 1 3 0 5
14 1 4 1 5
14 1 4 1 5
14 1 3 1 5
14 1 3 1 5
14 1 2 1 5
14 1 2 1 5
14 1 1 1 5
14 1 1 0 5
14 1 2 0 5
14 1 3 1 5
14 1 3 1 5
14 1 2 1 5
14 1 2 1 5
14 1 1 0 5
14 1 2 1 5
14 1 2 0 5
14 1 3 0 5
14 1 4 1 5
14 1 4 1 5
14 1 3 1 5
14 1 3 1 5
14 1 2 0 5
14 1 3 1 5
14 1 3 1 5
14 1 2 0 5
14 1 3 1 5
14 1 3 1 5
14 1 2 0 5
14 1 3 0 5
14 1 4 1 5
14 1 4 1 5
14 1 3 1 5
14 1 3 0 5
14 1 4 1 5
14 1 4 1 5
14 1 3 1 5
14 1 3 1 5
14 1 2 0 5
14 1 3 1 5
14 1 3 1 5
14 1 2 0 5
14 1 3 1 5
14 1 3 1 5
14 1 2 1 5
14 1 2 0 5
14 1 3 0 5
14 1 4 1 5
15 0 7 0 6
15 0 6 1 6
15 0 6 0 6
15 0 5 1 6
15 0 5 0 6
15 0 4 1 6
15 0 4 1 6
15 0 5 0 6
15 0 4 1 6
15 0 4 1 6
15 0 5 1 6
15 0 5 0 6
15 0 4 1 6
15 0 4 1 6
15 0 5 1 6
15 0 5 0 6
15 0 4 1 6
15 0 4 0 6
15 0 3 1 6
15 0 3 0 6
15 0 2 1 6
15 0 2 0 6
15 0 1 1 6
15 0 1 1 6
15 0 2 1 6
15 0 2 1 6
15 0 3 1 6
15 0 3 1 6
15 0 4 0 6
15 0 3 1 6
15 0 3 1 6
15 0 4 1 6
15 0 4 1 6
15 0 5 1 6
15 0 5 0 6
15 0 4 1 6
15 0 4 1 6
15 0 5 1 6
15 0 5 1 6
15 0 6 0 6
15 0 5 0 6
15 0 4 1 6
15 0 4 1 6
15 0 5 0 6
15 0 4 1 6
15 0 4 0 6
15 0 3 1 6
15 0 3 1 6
15 0 4 1 6
15 0 4 1 6
15 0 5 1 6
15 0 5 1 6
15 0 6 1 6
15 0 6 0 6
15 0 5 1 6
15 0 5 0 6
15 0 4 0 6
15 0 3 1 6
15 0 3 1 6
15 0 4 1 6
15 0 4 1 6
15 0 5 0 6
15 0 4 1 6
15 0 4 1 6
15 0 5 1 6
15 1 6 1 6
15 1 6 1 6
15 1 5 1 6
15 1 5 1 6
15 1 4 0 6
15 1 5 1 6
15 1 5 1 6
15 1 4 1 6
15 1 4 1 6
15 1 3 1 6
15 1 3 1 6
15 1 2 0 6
15 1 3 0 6
15 1 4 1 6
15 1 4 0 6
15 1 5 1 6
15 1 5 1 6
15 1 4 1 6
15 1 4 0 6
15 1 5 0 6
15 1 6 1 6
15 1 6 0 6
15 1 7 1 6
15 1 7 1 6
15 1 6 1 6
15 1 6 1 6
15 1 5 1 6
15 1 5 1 6
15 1 4 1 6
15 1 4 1 6
15 1 3 1 6
15 1 3 1 6
15 1 2 0 6
15 1 3 0 6
15 1 4 0 6
15 1 5 1 6
15 1 5 1 6
15 1 4 0 6
15 1 5 1 6
15 1 5 0 6
15 1 6 1 6
15 1 6 1 6
15 1 5 1 6
15 1 5 0 6
15 1 6 1 6
15 1 6 0 6
15 1 7 1 6
15 1 7 1 6
15 1 6 1 6
15 1 6 1 6
15 1 5 1 6
15 1 5 1 6
15 1 4 1 6
15 1 4 1 6
15 1 3 0 6
15 1 4 0 6
15 1 5 1 6
15 1 5 0 6
15 1 6 1 6
15 1 6 1 6
15 1 5 1 6
15 1 5 0 6
15 1 6 1 6
15 1 6 1 6
15 1 5 1 6
15 0 5 0 6
15 0 4 0 6
15 0 3 0 6
15 0 2 1 6
15 0 2 1 6
15 0 3 1 6
15 0 3 1 6
15 0 4 1 6
15 0 4 1 6
15 0 5 1 6
15 0 5 1 6
15 0 6 1 6
15 0 6 1 6
15 0 7 0 6
15 0 6 1 6
15 0 6 1 6
15 0 7 1 6
15 0 7 1 6
15 0 8 0 6
15 0 7 0 6
15 0 6 1 6
15 0 6 0 6
15 0 5 1 6
15 0 5 1 6
15 0 6 0 6
15 0 5 0 6
15 0 4 1 6
15 0 4 0 6
15 0 3 1 6
15 0 3 1 6
15 0 4 0 6
15 0 3 1 6
15 0 3 0 6
15 0 2 1 6
15 0 2 1 6
15 0 3 1 6
15 0 3 0 6
15 0 2 1 6
15 0 2 1 6
15 0 3 1 6
15 0 3 1 6
15 0 4 1 6
15 0 4 1 6
15 0 5 0 6
15 0 4 1 6
15 0 4 1 6
15 0 5 1 6
15 0 5 1 6
15 0 6 1 6
15 0 6 1 6
15 0 7 0 6
15 0 6 1 6
15 0 6 1 6
15 0 7 0 6
15 0 6 1 6
15 0 6 1 6
15 0 7 0 6
15 0 6 1 6
15 0 6 0 6
15 0 5 1 6
15 0 5 1 6
15 0 6 0 6
15 0 5 1 6
15 0 5 1 6
15 0 6 1 6
15 1 5 1 6
15 1 5 1 6
15 1 4 1 6
15 1 4 0 6
15 1 5 1 6
15 1 5 1 6
15 1 4 0 6
15 1 5 0 6
15 1 6 1 6
15 1 6 1 6
15 1 5 0 6
15 1 6 1 6
15 1 6 1 6
15 1 5 1 6
15 1 5 1 6
15 1 4 0 6
15 1 5 1 6
15 1 5 1 6
15 1 4 1 6
15 1 4 1 6
15 1 3 1 6
15 1 3 0 6
15 1 4 1 6
15 1 4 1 6
15 1 3 1 6
15 1 3 0 6
15 1 4 1 6
15 1 4 1 6
15 1 3 0 6
15 1 4 1 6
15 1 4 1 6
15 1 3 0 6
15 1 4 1 6
15 1 4 0 6
15 1 5 0 6
15 1 6 1 6
15 1 6 1 6
15 1 5 1 6
15 1 5 1 6
15 1 4 1 6
15 1 4 1 6
15 1 3 1 6
15 1 3 0 6
15 1 4 0 6
15 1 5 1 6
15 1 5 1 6
15 1 4 1 6
15 1 4 1 6
15 1 3 1 6
15 1 3 1 6
15 1 2 0 6
15 1 3 0 6
15 1 4 1 6
15 1 4 1 6
15 1 3 1 6
15 1 3 0 6
15 1 4 1 6
15 1 4 1 6
15 1 3 1 6
15 1 3 0 6
15 1 4 1 6
15 1 4 1 6
15 1 3 0 6
15 1 4 0 6
15 1 5 1 6
16 0 1 1 7
16 0 1 1 7
16 0 2 0 7
16 0 1 1 7
16 0 1 1 7
16 0 2 1 7
16 0 2 1 7
16 0 3 1 7
16 0 3 1 7
16 0 4 0 7
16 0 3 1 7
16 0 3 1 7
16 0 4 0 7
16 0 3 0 7
16 0 2 1 7
16 0 2 1 7
16 0 3 0 7
16 0 2 0 7
16 0 1 1 7
16 0 1 1 7
16 0 2 0 7
16 0 1 1 7
16 0 1 1 7
16 0 2 0 7
16 0 1 1 7
16 0 1 1 7
16 0 2 1 7
16 0 2 0 7
16 0 1 0 7
16 0 1 0 7
16 0 1 1 7
16 0 1 1 7
16 0 2 0 7
16 0 1 0 7
16 0 1 1 7
16 0 1 1 7
16 0 2 0 7
16 0 1 1 7
16 0 1 1 7
16 0 2 1 7
16 0 2 0 7
16 0 1 0 7
16 0 1 1 7
16 0 1 1 7
16 0 2 1 7
16 0 2 1 7
16 0 3 0 7
16 0 2 1 7
16 0 2 1 7
16 0 3 1 7
16 0 3 0 7
16 0 2 0 7
16 0 1 0 7
16 0 1 1 7
16 0 1 1 7
16 0 2 0 7
16 0 1 0 7
16 0 1 1 7
16 0 1 1 7
16 0 2 1 7
16 0 2 1 7
16 0 3 0 7
16 0 2 0 7
16 0 1 1 7
16 0 1 0 7
16 1 1 1 7
16 1 1 0 7
16 1 2 0 7
16 1 3 0 7
16 1 4 1 7
16 1 4 0 7
16 1 5 1 7
16 1 5 1 7
16 1 4 0 7
16 1 5 1 7
16 1 5 0 7
16 1 6 0 7
16 1 7 1 7
16 1 7 1 7
16 1 6 1 7
16 1 6 1 7
16 1 5 1 7
16 1 5 1 7
16 1 4 0 7
16 1 5 1 7
16 1 5 1 7
16 1 4 0 7
16 1 5 0 7
16 1 6 0 7
16 1 7 1 7
16 1 7 1 7
16 1 6 1 7
16 1 6 0 7
16 1 7 0 7
16 1 8 1 7
16 1 8 1 7
16 1 7 1 7
16 1 7 0 7
16 1 8 0 7
16 1 9 0 7
16 1 10 0 7
16 1 11 1 7
16 1 11 1 7
16 1 10 1 7
16 1 10 0 7
16 1 11 1 7
16 1 11 0 7
16 1 12 1 7
16 1 12 1 7
16 1 11 1 7
16 1 11 1 7
16 1 10 1 7
16 1 10 1 7
16 1 9 1 7
16 1 9 1 7
16 1 8 1 7
16 1 8 1 7
16 1 7 1 7
16 1 7 1 7
16 1 6 1 7
16 1 6 1 7
16 1 5 1 7
16 1 5 1 7
16 1 4 1 7
16 1 4 1 7
16 1 3 0 7
16 1 4 1 7
16 1 4 1 7
16 1 3 1 7
16 1 3 1 7
16 0 1 0 7
16 0 1 0 7
16 0 1 0 7
16 0 1 1 7
16 0 1 1 7
16 0 2 1 7
16 0 2 0 7
16 0 1 1 7
16 0 1 1 7
16 0 2 0 7
16 0 1 0 7
16 0 1 1 7
16 0 1 0 7
16 0 1 1 7
16 0 1 1 7
16 0 2 1 7
16 0 2 1 7
16 0 3 0 7
16 0 2 1 7
16 0 2 1 7
16 0 3 0 7
16 0 2 0 7
16 0 1 1 7
16 0 1 1 7
16 0 2 0 7
16 0 1 1 7
16 0 1 0 7
16 0 1 1 7
16 0 1 1 7
16 0 2 0 7
16 0 1 1 7
16 0 1 1 7
16 0 2 1 7
16 0 2 0 7
16 0 1 0 7
16 0 1 1 7
16 0 1 0 7
16 0 1 1 7
16 0 1 1 7
16 0 2 1 7
16 0 2 1 7
16 0 3 0 7
16 0 2 0 7
16 0 1 0 7
16 0 1 0 7
16 0 1 0 7
16 0 1 1 7
16 0 1 0 7
16 0 1 0 7
16 0 1 1 7
16 0 1 1 7
16 0 2 1 7
16 0 2 0 7
16 0 1 1 7
16 0 1 0 7
16 0 1 0 7
16 0 1 1 7
16 0 1 1 7
16 0 2 1 7
16 0 2 0 7
16 0 1 1 7
16 0 1 1 7
16 0 2 0 7
16 0 1 0 7
16 0 1 1 7
16 1 2 0 7
16 1 3 1 7
16 1 3 0 7
16 1 4 0 7
16 1 5 1 7
16 1 5 1 7
16 1 4 1 7
16 1 4 0 7
16 1 5 1 7
16 1 5 1 7
16 1 4 0 7
16 1 5 0 7
16 1 6 0 7
16 1 7 1 7
16 1 7 1 7
16 1 6 0 7
16 1 7 1 7
16 1 7 1 7
16 1 6 1 7
16 1 6 1 7
16 1 5 1 7
16 1 5 1 7
16 1 4 0 7
16 1 5 1 7
16 1 5 1 7
16 1 4 1 7
16 1 4 1 7
16 1 3 1 7
16 1 3 1 7
16 1 2 1 7
16 1 2 1 7
16 1 1 0 7
16 1 2 0 7
16 1 3 0 7
16 1 4 0 7
16 1 5 1 7
16 1 5 1 7
16 1 4 0 7
16 1 5 0 7
16 1 6 0 7
16 1 7 0 7
16 1 8 1 7
16 1 8 1 7
16 1 7 0 7
16 1 8 1 7
16 1 8 1 7
16 1 7 0 7
16 1 8 1 7
16 1 8 0 7
16 1 9 1 7
16 1 9 1 7
16 1 8 1 7
16 1 8 0 7
16 1 9 0 7
16 1 10 1 7
16 1 10 1 7
16 1 9 1 7
16 1 9 1 7
16 1 8 1 7
16 1 8 1 7
16 1 7 0 7
16 1 8 1 7
16 1 8 1 7
16 1 7 1 7
16 1 7 1 7
17 0 3 1 8
17 0 3 0 8
17 0 2 1 8
17 0 2 1 8
17 0 3 1 8
17 0 3 1 8
17 0 4 1 8
17 0 4 1 8
17 0 5 1 8
17 0 5 1 8
17 0 6 0 8
17 0 5 0 8
17 0 4 1 8
17 0 4 0 8
17 0 3 1 8
17 0 3 1 8
17 0 4 1 8
17 0 4 1 8
17 0 5 1 8
17 0 5 1 8
17 0 6 1 8
17 0 6 0 8
17 0 5 0 8
17 0 4 1 8
17 0 4 1 8
17 0 5 1 8
17 0 5 1 8
17 0 6 0 8
17 0 5 1 8
17 0 5 0 8
17 0 4 0 8
17 0 3 1 8
17 0 3 1 8
17 0 4 0 8
17 0 3 1 8
17 0 3 1 8
17 0 4 0 8
17 0 3 1 8
17 0 3 1 8
17 0 4 1 8
17 0 4 1 8
17 0 5 1 8
17 0 5 0 8
17 0 4 1 8
17 0 4 1 8
17 0 5 0 8
17 0 4 1 8
17 0 4 1 8
17 0 5 0 8
17 0 4 1 8
17 0 4 0 8
17 0 3 1 8
17 0 3 1 8
17 0 4 1 8
17 0 4 1 8
17 0 5 1 8
17 0 5 0 8
17 0 4 1 8
17 0 4 1 8
17 0 5 1 8
17 0 5 1 8
17 0 6 0 8
17 0 5 1 8
17 0 5 0 8
17 0 4 1 8
17 1 6 1 8
17 1 6 1 8
17 1 5 1 8
17 1 5 1 8
17 1 4 1 8
17 1 4 1 8
17 1 3 0 8
17 1 4 0 8
17 1 5 1 8
17 1 5 1 8
17 1 4 0 8
17 1 5 1 8
17 1 5 0 8
17 1 6 1 8
17 1 6 1 8
17 1 5 0 8
17 1 6 1 8
17 1 6 1 8
17 1 5 1 8
17 1 5 0 8
17 1 6 0 8
17 1 7 1 8
17 1 7 1 8
17 1 6 1 8
17 1 6 1 8
17 1 5 1 8
17 1 5 0 8
17 1 6 1 8
17 1 6 0 8
17 1 7 1 8
17 1 7 1 8
17 1 6 0 8
17 1 7 1 8
17 1 7 1 8
17 1 6 1 8
17 1 6 1 8
17 1 5 0 8
17 1 6 0 8
17 1 7 1 8
17 1 7 1 8
17 1 6 1 8
17 1 6 1 8
17 1 5 1 8
17 1 5 1 8
17 1 4 1 8
17 1 4 1 8
17 1 3 0 8
17 1 4 1 8
17 1 4 1 8
17 1 3 0 8
17 1 4 0 8
17 1 5 0 8
17 1 6 1 8
17 1 6 0 8
17 1 7 1 8
17 1 7 0 8
17 1 8 1 8
17 1 8 1 8
17 1 7 1 8
17 1 7 1 8
17 1 6 1 8
17 1 6 1 8
17 1 5 0 8
17 1 6 1 8
17 1 6 1 8
17 0 4 1 8
17 0 4 1 8
17 0 5 1 8
17 0 5 0 8
17 0 4 1 8
17 0 4 1 8
17 0 5 0 8
17 0 4 1 8
17 0 4 1 8
17 0 5 0 8
17 0 4 1 8
17 0 4 1 8
17 0 5 0 8
17 0 4 1 8
17 0 4 0 8
17 0 3 1 8
17 0 3 0 8
17 0 2 1 8
17 0 2 1 8
17 0 3 1 8
17 0 3 1 8
17 0 4 0 8
17 0 3 1 8
17 0 3 1 8
17 0 4 0 8
17 0 3 1 8
17 0 3 0 8
17 0 2 1 8
17 0 2 0 8
17 0 1 1 8
17 0 1 1 8
17 0 2 1 8
17 0 2 1 8
17 0 3 1 8
17 0 3 1 8
17 0 4 1 8
17 0 4 1 8
17 0 5 1 8
17 0 5 0 8
17 0 4 0 8
17 0 3 1 8
17 0 3 1 8
17 0 4 1 8
17 0 4 0 8
17 0 3 0 8
17 0 2 0 8
17 0 1 0 8
17 0 1 1 8
17 0 1 1 8
17 0 2 1 8
17 0 2 1 8
17 0 3 1 8
17 0 3 1 8
17 0 4 1 8
17 0 4 1 8
17 0 5 0 8
17 0 4 0 8
17 0 3 1 8
17 0 3 1 8
17 0 4 1 8
17 0 4 0 8
17 0 3 1 8
17 0 3 1 8
17 0 4 1 8
17 0 4 0 8
17 1 5 1 8
17 1 5 1 8
17 1 4 1 8
17 1 4 1 8
17 1 3 1 8
17 1 3 0 8
17 1 4 1 8
17 1 4 1 8
17 1 3 0 8
17 1 4 0 8
17 1 5 1 8
17 1 5 0 8
17 1 6 1 8
17 1 6 1 8
17 1 5 1 8
17 1 5 1 8
17 1 4 1 8
17 1 4 1 8
17 1 3 0 8
17 1 4 1 8
17 1 4 0 8
17 1 5 1 8
17 1 5 1 8
17 1 4 1 8
17 1 4 1 8
17 1 3 0 8
17 1 4 0 8
17 1 5 1 8
17 1 5 1 8
17 1 4 0 8
17 1 5 1 8
17 1 5 0 8
17 1 6 1 8
17 1 6 1 8
17 1 5 1 8
17 1 5 1 8
17 1 4 0 8
17 1 5 1 8
17 1 5 1 8
17 1 4 1 8
17 1 4 0 8
17 1 5 0 8
17 1 6 1 8
17 1 6 1 8
17 1 5 0 8
17 1 6 0 8
17 1 7 1 8
17 1 7 1 8
17 1 6 1 8
17 1 6 1 8
17 1 5 0 8
17 1 6 1 8
17 1 6 1 8
17 1 5 1 8
17 1 5 1 8
17 1 4 1 8
17 1 4 0 8
17 1 5 1 8
17 1 5 1 8
17 1 4 1 8
17 1 4 1 8
17 1 3 0 8
17 1 4 0 8
17 1 5 1 8
17 1 5 0 8
18 0 4 1 9
18 0 4 1 9
18 0 5 0 9
18 0 4 1 9
18 0 4 1 9
18 0 5 0 9
18 0 4 0 9
18 0 3 0 9
18 0 2 1 9
18 0 2 1 9
18 0 3 0 9
18 0 2 1 9
18 0 2 1 9
18 0 3 1 9
18 0 3 0 9
18 0 2 1 9
18 0 2 1 9
18 0 3 0 9
18 0 2 0 9
18 0 1 1 9
18 0 1 1 9
18 0 2 0 9
18 0 1 1 9
18 0 1 1 9
18 0 2 0 9
18 0 1 1 9
18 0 1 1 9
18 0 2 0 9
18 0 1 1 9
18 0 1 1 9
18 0 2 0 9
18 0 1 1 9
18 0 1 1 9
18 0 2 1 9
18 0 2 1 9
18 0 3 1 9
18 0 3 1 9
18 0 4 1 9
18 0 4 0 9
18 0 3 1 9
18 0 3 0 9
18 0 2 1 9
18 0 2 1 9
18 0 3 0 9
18 0 2 1 9
18 0 2 1 9
18 0 3 0 9
18 0 2 1 9
18 0 2 1 9
18 0 3 1 9
18 0 3 1 9
18 0 4 0 9
18 0 3 1 9
18 0 3 1 9
18 0 4 1 9
18 0 4 0 9
18 0 3 1 9
18 0 3 1 9
18 0 4 1 9
18 0 4 1 9
18 0 5 1 9
18 0 5 0 9
18 0 4 1 9
18 0 4 0 9
18 0 3 1 9
18 1 1 0 9
18 1 2 1 9
18 1 2 0 9
18 1 3 0 9
18 1 4 1 9
18 1 4 1 9
18 1 3 1 9
18 1 3 1 9
18 1 2 1 9
18 1 2 0 9
18 1 3 0 9
18 1 4 0 9
18 1 5 1 9
18 1 5 1 9
18 1 4 1 9
18 1 4 0 9
18 1 5 1 9
18 1 5 1 9
18 1 4 1 9
18 1 4 1 9
18 1 3 1 9
18 1 3 1 9
18 1 2 0 9
18 1 3 1 9
18 1 3 0 9
18 1 4 1 9
18 1 4 1 9
18 1 3 1 9
18 1 3 1 9
18 1 2 0 9
18 1 3 0 9
18 1 4 1 9
18 1 4 0 9
18 1 5 1 9
18 1 5 1 9
18 1 4 1 9
18 1 4 1 9
18 1 3 0 9
18 1 4 1 9
18 1 4 0 9
18 1 5 1 9
18 1 5 1 9
18 1 4 1 9
18 1 4 1 9
18 1 3 1 9
18 1 3 0 9
18 1 4 0 9
18 1 5 1 9
18 1 5 1 9
18 1 4 0 9
18 1 5 1 9
18 1 5 0 9
18 1 6 0 9
18 1 7 1 9
18 1 7 1 9
18 1 6 1 9
18 1 6 1 9
18 1 5 1 9
18 1 5 1 9
18 1 4 0 9
18 1 5 0 9
18 1 6 1 9
18 1 6 1 9
18 1 5 1 9
18 1 5 1 9
18 0 3 1 9
18 0 3 1 9
18 0 4 0 9
18 0 3 0 9
18 0 2 1 9
18 0 2 1 9
18 0 3 1 9
18 0 3 0 9
18 0 2 1 9
18 0 2 1 9
18 0 3 0 9
18 0 2 0 9
18 0 1 1 9
18 0 1 0 9
18 0 1 1 9
18 0 1 1 9
18 0 2 1 9
18 0 2 1 9
18 0 3 0 9
18 0 2 1 9
18 0 2 1 9
18 0 3 1 9
18 0 3 1 9
18 0 4 1 9
18 0 4 1 9
18 0 5 0 9
18 0 4 0 9
18 0 3 1 9
18 0 3 1 9
18 0 4 0 9
18 0 3 1 9
18 0 3 1 9
18 0 4 1 9
18 0 4 1 9
18 0 5 0 9
18 0 4 0 9
18 0 3 0 9
18 0 2 1 9
18 0 2 1 9
18 0 3 1 9
18 0 3 1 9
18 0 4 0 9
18 0 3 1 9
18 0 3 1 9
18 0 4 0 9
18 0 3 1 9
18 0 3 1 9
18 0 4 1 9
18 0 4 0 9
18 0 3 1 9
18 0 3 1 9
18 0 4 1 9
18 0 4 1 9
18 0 5 0 9
18 0 4 0 9
18 0 3 1 9
18 0 3 1 9
18 0 4 1 9
18 0 4 1 9
18 0 5 0 9
18 0 4 1 9
18 0 4 1 9
18 0 5 0 9
18 0 4 1 9
18 0 4 1 9
18 1 4 1 9
18 1 4 1 9
18 1 3 0 9
18 1 4 1 9
18 1 4 1 9
18 1 3 1 9
18 1 3 0 9
18 1 4 1 9
18 1 4 1 9
18 1 3 0 9
18 1 4 1 9
18 1 4 1 9
18 1 3 1 9
18 1 3 1 9
18 1 2 1 9
18 1 2 0 9
18 1 3 1 9
18 1 3 0 9
18 1 4 0 9
18 1 5 1 9
18 1 5 1 9
18 1 4 1 9
18 1 4 1 9
18 1 3 1 9
18 1 3 1 9
18 1 2 1 9
18 1 2 0 9
18 1 3 1 9
18 1 3 1 9
18 1 2 1 9
18 1 2 0 9
18 1 3 1 9
18 1 3 1 9
18 1 2 1 9
18 1 2 0 9
18 1 3 1 9
18 1 3 0 9
18 1 4 0 9
18 1 5 1 9
18 1 5 0 9
18 1 6 1 9
18 1 6 1 9
18 1 5 1 9
18 1 5 1 9
18 1 4 1 9
18 1 4 1 9
18 1 3 1 9
18 1 3 1 9
18 1 2 0 9
18 1 3 1 9
18 1 3 1 9
18 1 2 1 9
18 1 2 0 9
18 1 3 0 9
18 1 4 1 9
18 1 4 1 9
18 1 3 0 9
18 1 4 1 9
18 1 4 1 9
18 1 3 1 9
18 1 3 0 9
18 1 4 1 9
18 1 4 1 9
18 1 3 0 9
18 1 4 1 9
19 0 4 0 10
19 0 3 1 10
19 0 3 1 10
19 0 4 1 10
19 0 4 1 10
19 0 5 1 10
19 0 5 0 10
19 0 4 1 10
19 0 4 1 10
19 0 5 1 10
19 0 5 1 10
19 0 6 0 10
19 0 5 0 10
19 0 4 1 10
19 0 4 1 10
19 0 5 1 10
19 0 5 0 10
19 0 4 1 10
19 0 4 1 10
19 0 5 1 10
19 0 5 1 10
19 0 6 0 10
19 0 5 1 10
19 0 5 1 10
19 0 6 1 10
19 0 6 0 10
19 0 5 0 10
19 0 4 0 10
19 0 3 1 10
19 0 3 1 10
19 0 4 0 10
19 0 3 0 10
19 0 2 1 10
19 0 2 1 10
19 0 3 1 10
19 0 3 1 10
19 0 4 1 10
19 0 4 1 10
19 0 5 1 10
19 0 5 1 10
19 0 6 0 10
19 0 5 1 10
19 0 5 0 10
19 0 4 1 10
19 0 4 1 10
19 0 5 1 10
19 0 5 1 10
19 0 6 1 10
19 0 6 1 10
19 0 7 1 10
19 0 7 1 10
19 0 8 0 10
19 0 7 1 10
19 0 7 1 10
19 0 8 0 10
19 0 7 0 10
19 0 6 1 10
19 0 6 1 10
19 0 7 1 10
19 0 7 1 10
19 0 8 1 10
19 0 8 0 10
19 0 7 0 10
19 0 6 1 10
19 0 6 1 10
19 1 1 0 10
19 1 2 0 10
19 1 3 1 10
19 1 3 0 10
19 1 4 0 10
19 1 5 1 10
19 1 5 1 10
19 1 4 1 10
19 1 4 0 10
19 1 5 1 10
19 1 5 1 10
19 1 4 1 10
19 1 4 1 10
19 1 3 1 10
19 1 3 1 10
19 1 2 0 10
19 1 3 0 10
19 1 4 0 10
19 1 5 1 10
19 1 5 1 10
19 1 4 1 10
19 1 4 1 10
19 1 3 1 10
19 1 3 0 10
19 1 4 1 10
19 1 4 1 10
19 1 3 1 10
19 1 3 0 10
19 1 4 1 10
19 1 4 0 10
19 1 5 0 10
19 1 6 1 10
19 1 6 1 10
19 1 5 1 10
19 1 5 1 10
19 1 4 1 10
19 1 4 1 10
19 1 3 1 10
19 1 3 0 10
19 1 4 1 10
19 1 4 0 10
19 1 5 1 10
19 1 5 0 10
19 1 6 1 10
19 1 6 0 10
19 1 7 1 10
19 1 7 1 10
19 1 6 1 10
19 1 6 1 10
19 1 5 1 10
19 1 5 1 10
19 1 4 0 10
19 1 5 1 10
19 1 5 0 10
19 1 6 1 10
19 1 6 0 10
19 1 7 1 10
19 1 7 1 10
19 1 6 1 10
19 1 6 1 10
19 1 5 1 10
19 1 5 1 10
19 1 4 0 10
19 1 5 0 10
19 1 6 1 10
19 0 7 0 10
19 0 6 0 10
19 0 5 1 10
19 0 5 0 10
19 0 4 1 10
19 0 4 1 10
19 0 5 0 10
19 0 4 1 10
19 0 4 1 10
19 0 5 1 10
19 0 5 1 10
19 0 6 1 10
19 0 6 0 10
19 0 5 0 10
19 0 4 1 10
19 0 4 0 10
19 0 3 1 10
19 0 3 0 10
19 0 2 1 10
19 0 2 1 10
19 0 3 1 10
19 0 3 1 10
19 0 4 1 10
19 0 4 1 10
19 0 5 0 10
19 0 4 1 10
19 0 4 1 10
19 0 5 0 10
19 0 4 1 10
19 0 4 1 10
19 0 5 1 10
19 0 5 1 10
19 0 6 1 10
19 0 6 0 10
19 0 5 0 10
19 0 4 1 10
19 0 4 1 10
19 0 5 1 10
19 0 5 0 10
19 0 4 1 10
19 0 4 1 10
19 0 5 1 10
19 0 5 0 10
19 0 4 1 10
19 0 4 1 10
19 0 5 1 10
19 0 5 1 10
19 0 6 0 10
19 0 5 1 10
19 0 5 1 10
19 0 6 1 10
19 0 6 1 10
19 0 7 1 10
19 0 7 1 10
19 0 8 1 10
19 0 8 0 10
19 0 7 1 10
19 0 7 1 10
19 0 8 0 10
19 0 7 1 10
19 0 7 0 10
19 0 6 0 10
19 0 5 1 10
19 0 5 1 10
19 0 6 1 10
19 1 6 1 10
19 1 6 1 10
19 1 5 0 10
19 1 6 1 10
19 1 6 1 10
19 1 5 1 10
19 1 5 1 10
19 1 4 1 10
19 1 4 1 10
19 1 3 1 10
19 1 3 0 10
19 1 4 0 10
19 1 5 1 10
19 1 5 1 10
19 1 4 0 10
19 1 5 0 10
19 1 6 1 10
19 1 6 1 10
19 1 5 1 10
19 1 5 1 10
19 1 4 0 10
19 1 5 1 10
19 1 5 1 10
19 1 4 1 10
19 1 4 1 10
19 1 3 0 10
19 1 4 1 10
19 1 4 0 10
19 1 5 1 10
19 1 5 1 10
19 1 4 0 10
19 1 5 1 10
19 1 5 1 10
19 1 4 0 10
19 1 5 1 10
19 1 5 1 10
19 1 4 1 10
19 1 4 0 10
19 1 5 1 10
19 1 5 1 10
19 1 4 0 10
19 1 5 1 10
19 1 5 1 10
19 1 4 0 10
19 1 5 1 10
19 1 5 0 10
19 1 6 1 10
19 1 6 1 10
19 1 5 0 10
19 1 6 1 10
19 1 6 1 10
19 1 5 1 10
19 1 5 1 10
19 1 4 1 10
19 1 4 0 10
19 1 5 1 10
19 1 5 0 10
19 1 6 1 10
19 1 6 1 10
19 1 5 1 10
19 1 5 1 10
19 1 4 1 10
19 1 4 0 10
19 1 5 1 10
19 1 5 0 10
20 0 9 1 11
20 0 9 0 11
20 0 8 1 11
20 0 8 1 11
20 0 9 0 11
20 0 8 1 11
20 0 8 1 11
20 0 9 1 11
20 0 9 1 11
20 0 10 0 11
20 0 9 0 11
20 0 8 1 11
20 0 8 1 11
20 0 9 0 11
20 0 8 1 11
20 0 8 0 11
20 0 7 1 11
20 0 7 1 11
20 0 8 0 11
20 0 7 0 11
20 0 6 1 11
20 0 6 1 11
20 0 7 1 11
20 0 7 1 11
20 0 8 1 11
20 0 8 1 11
20 0 9 1 11
20 0 9 1 11
20 0 10 1 11
20 0 10 0 11
20 0 9 1 11
20 0 9 0 11
20 0 8 0 11
20 0 7 1 11
20 0 7 1 11
20 0 8 1 11
20 0 8 0 11
20 0 7 1 11
20 0 7 1 11
20 0 8 1 11
20 0 8 1 11
20 0 9 1 11
20 0 9 0 11
20 0 8 1 11
20 0 8 1 11
20 0 9 0 11
20 0 8 1 11
20 0 8 1 11
20 0 9 1 11
20 0 9 1 11
20 0 10 1 11
20 0 10 0 11
20 0 9 1 11
20 0 9 1 11
20 0 10 0 11
20 0 9 1 11
20 0 9 1 11
20 0 10 0 11
20 0 9 1 11
20 0 9 1 11
20 0 10 1 11
20 0 10 1 11
20 0 11 1 11
20 0 11 0 11
20 0 10 1 11
20 1 4 1 11
20 1 4 1 11
20 1 3 1 11
20 1 3 1 11
20 1 2 1 11
20 1 2 1 11
20 1 1 0 11
20 1 2 0 11
20 1 3 0 11
20 1 4 1 11
20 1 4 1 11
20 1 3 0 11
20 1 4 1 11
20 1 4 1 11
20 1 3 0 11
20 1 4 1 11
20 1 4 1 11
20 1 3 1 11
20 1 3 1 11
20 1 2 0 11
20 1 3 0 11
20 1 4 0 11
20 1 5 1 11
20 1 5 1 11
20 1 4 1 11
20 1 4 1 11
20 1 3 0 11
20 1 4 0 11
20 1 5 1 11
20 1 5 1 11
20 1 4 0 11
20 1 5 1 11
20 1 5 1 11
20 1 4 1 11
20 1 4 0 11
20 1 5 1 11
20 1 5 1 11
20 1 4 1 11
20 1 4 0 11
20 1 5 1 11
20 1 5 1 11
20 1 4 0 11
20 1 5 0 11
20 1 6 1 11
20 1 6 1 11
20 1 5 1 11
20 1 5 1 11
20 1 4 0 11
20 1 5 1 11
20 1 5 1 11
20 1 4 0 11
20 1 5 0 11
20 1 6 1 11
20 1 6 1 11
20 1 5 1 11
20 1 5 1 11
20 1 4 1 11
20 1 4 1 11
20 1 3 0 11
20 1 4 1 11
20 1 4 0 11
20 1 5 0 11
20 1 6 0 11
20 1 7 1 11
20 1 7 1 11
20 0 10 0 11
20 0 9 1 11
20 0 9 1 11
20 0 10 0 11
20 0 9 1 11
20 0 9 1 11
20 0 10 1 11
20 0 10 1 11
20 0 11 0 11
20 0 10 1 11
20 0 10 1 11
20 0 11 1 11
20 0 11 0 11
20 0 10 0 11
20 0 9 1 11
20 0 9 1 11
20 0 10 1 11
20 0 10 0 11
20 0 9 1 11
20 0 9 0 11
20 0 8 0 11
20 0 7 1 11
20 0 7 1 11
20 0 8 1 11
20 0 8 1 11
20 0 9 1 11
20 0 9 1 11
20 0 10 0 11
20 0 9 1 11
20 0 9 1 11
20 0 10 1 11
20 0 10 0 11
20 0 9 0 11
20 0 8 0 11
20 0 7 1 11
20 0 7 1 11
20 0 8 1 11
20 0 8 1 11
20 0 9 0 11
20 0 8 0 11
20 0 7 1 11
20 0 7 0 11
20 0 6 1 11
20 0 6 1 11
20 0 7 1 11
20 0 7 1 11
20 0 8 1 11
20 0 8 1 11
20 0 9 1 11
20 0 9 1 11
20 0 10 0 11
20 0 9 0 11
20 0 8 1 11
20 0 8 1 11
20 0 9 1 11
20 0 9 1 11
20 0 10 0 11
20 0 9 0 11
20 0 8 1 11
20 0 8 0 11
20 0 7 0 11
20 0 6 1 11
20 0 6 1 11
20 0 7 1 11
20 0 7 0 11
20 1 6 1 11
20 1 6 1 11
20 1 5 1 11
20 1 5 1 11
20 1 4 0 11
20 1 5 1 11
20 1 5 1 11
20 1 4 0 11
20 1 5 1 11
20 1 5 1 11
20 1 4 0 11
20 1 5 1 11
20 1 5 1 11
20 1 4 0 11
20 1 5 1 11
20 1 5 1 11
20 1 4 1 11
20 1 4 1 11
20 1 3 1 11
20 1 3 1 11
20 1 2 0 11
20 1 3 1 11
20 1 3 1 11
20 1 2 0 11
20 1 3 0 11
20 1 4 0 11
20 1 5 1 11
20 1 5 1 11
20 1 4 1 11
20 1 4 0 11
20 1 5 0 11
20 1 6 1 11
20 1 6 1 11
20 1 5 1 11
20 1 5 0 11
20 1 6 1 11
20 1 6 1 11
20 1 5 0 11
20 1 6 1 11
20 1 6 1 11
20 1 5 1 11
20 1 5 1 11
20 1 4 1 11
20 1 4 1 11
20 1 3 1 11
20 1 3 1 11
20 1 2 0 11
20 1 3 0 11
20 1 4 0 11
20 1 5 1 11
20 1 5 1 11
20 1 4 1 11
20 1 4 1 11
20 1 3 0 11
20 1 4 1 11
20 1 4 1 11
20 1 3 1 11
20 1 3 1 11
20 1 2 0 11
20 1 3 0 11
20 1 4 1 11
20 1 4 0 11
20 1 5 1 11
20 1 5 1 11
20 1 4 1 11
21 0 7 1 12
21 0 7 1 12
21 0 8 1 12
21 0 8 1 12
21 0 9 0 12
21 0 8 0 12
21 0 7 0 12
21 0 6 1 12
21 0 6 1 12
21 0 7 0 12
21 0 6 1 12
21 0 6 0 12
21 0 5 0 12
21 0 4 1 12
21 0 4 1 12
21 0 5 1 12
21 0 5 1 12
21 0 6 0 12
21 0 5 1 12
21 0 5 0 12
21 0 4 1 12
21 0 4 1 12
21 0 5 1 12
21 0 5 0 12
21 0 4 1 12
21 0 4 1 12
21 0 5 0 12
21 0 4 1 12
21 0 4 0 12
21 0 3 1 12
21 0 3 1 12
21 0 4 1 12
21 0 4 1 12
21 0 5 1 12
21 0 5 1 12
21 0 6 1 12
21 0 6 1 12
21 0 7 1 12
21 0 7 1 12
21 0 8 0 12
21 0 7 0 12
21 0 6 0 12
21 0 5 1 12
21 0 5 0 12
21 0 4 1 12
21 0 4 1 12
21 0 5 1 12
21 0 5 1 12
21 0 6 0 12
21 0 5 1 12
21 0 5 0 12
21 0 4 1 12
21 0 4 1 12
21 0 5 1 12
21 0 5 0 12
21 0 4 1 12
21 0 4 0 12
21 0 3 1 12
21 0 3 1 12
21 0 4 1 12
21 0 4 1 12
21 0 5 1 12
21 0 5 1 12
21 0 6 1 12
21 0 6 0 12
21 1 3 0 12
21 1 4 1 12
21 1 4 0 12
21 1 5 1 12
21 1 5 0 12
21 1 6 1 12
21 1 6 1 12
21 1 5 0 12
21 1 6 1 12
21 1 6 1 12
21 1 5 1 12
21 1 5 1 12
21 1 4 1 12
21 1 4 0 12
21 1 5 0 12
21 1 6 1 12
21 1 6 1 12
21 1 5 1 12
21 1 5 1 12
21 1 4 1 12
21 1 4 1 12
21 1 3 0 12
21 1 4 1 12
21 1 4 1 12
21 1 3 1 12
21 1 3 0 12
21 1 4 1 12
21 1 4 0 12
21 1 5 1 12
21 1 5 0 12
21 1 6 1 12
21 1 6 1 12
21 1 5 1 12
21 1 5 1 12
21 1 4 0 12
21 1 5 1 12
21 1 5 0 12
21 1 6 1 12
21 1 6 1 12
21 1 5 1 12
21 1 5 1 12
21 1 4 1 12
21 1 4 0 12
21 1 5 1 12
21 1 5 1 12
21 1 4 0 12
21 1 5 1 12
21 1 5 1 12
21 1 4 0 12
21 1 5 1 12
21 1 5 1 12
21 1 4 0 12
21 1 5 1 12
21 1 5 1 12
21 1 4 1 12
21 1 4 1 12
21 1 3 1 12
21 1 3 0 12
21 1 4 0 12
21 1 5 0 12
21 1 6 0 12
21 1 7 1 12
21 1 7 1 12
21 1 6 1 12
21 1 6 1 12
21 0 5 1 12
21 0 5 1 12
21 0 6 1 12
21 0 6 1 12
21 0 7 0 12
21 0 6 0 12
21 0 5 0 12
21 0 4 1 12
21 0 4 1 12
21 0 5 1 12
21 0 5 1 12
21 0 6 1 12
21 0 6 0 12
21 0 5 1 12
21 0 5 1 12
21 0 6 1 12
21 0 6 1 12
21 0 7 1 12
21 0 7 0 12
21 0 6 1 12
21 0 6 1 12
21 0 7 0 12
21 0 6 0 12
21 0 5 1 12
21 0 5 0 12
21 0 4 1 12
21 0 4 1 12
21 0 5 1 12
21 0 5 1 12
21 0 6 1 12
21 0 6 0 12
21 0 5 1 12
21 0 5 1 12
21 0 6 1 12
21 0 6 0 12
21 0 5 1 12
21 0 5 0 12
21 0 4 0 12
21 0 3 1 12
21 0 3 1 12
21 0 4 1 12
21 0 4 1 12
21 0 5 1 12
21 0 5 0 12
21 0 4 0 12
21 0 3 1 12
21 0 3 1 12
21 0 4 1 12
21 0 4 1 12
21 0 5 0 12
21 0 4 1 12
21 0 4 1 12
21 0 5 0 12
21 0 4 1 12
21 0 4 1 12
21 0 5 0 12
21 0 4 1 12
21 0 4 1 12
21 0 5 1 12
21 0 5 1 12
21 0 6 1 12
21 0 6 1 12
21 0 7 0 12
21 0 6 0 12
21 0 5 1 12
21 1 5 1 12
21 1 5 1 12
21 1 4 1 12
21 1 4 1 12
21 1 3 0 12
21 1 4 1 12
21 1 4 1 12
21 1 3 0 12
21 1 4 1 12
21 1 4 0 12
21 1 5 1 12
21 1 5 1 12
21 1 4 1 12
21 1 4 1 12
21 1 3 1 12
21 1 3 1 12
21 1 2 0 12
21 1 3 1 12
21 1 3 0 12
21 1 4 0 12
21 1 5 1 12
21 1 5 1 12
21 1 4 1 12
21 1 4 0 12
21 1 5 1 12
21 1 5 0 12
21 1 6 1 12
21 1 6 1 12
21 1 5 1 12
21 1 5 1 12
21 1 4 1 12
21 1 4 0 12
21 1 5 1 12
21 1 5 1 12
21 1 4 0 12
21 1 5 1 12
21 1 5 1 12
21 1 4 1 12
21 1 4 1 12
21 1 3 0 12
21 1 4 1 12
21 1 4 1 12
21 1 3 1 12
21 1 3 0 12
21 1 4 0 12
21 1 5 1 12
21 1 5 1 12
21 1 4 1 12
21 1 4 0 12
21 1 5 1 12
21 1 5 1 12
21 1 4 1 12
21 1 4 0 12
21 1 5 1 12
21 1 5 1 12
21 1 4 1 12
21 1 4 0 12
21 1 5 1 12
21 1 5 1 12
21 1 4 0 12
21 1 5 1 12
21 1 5 0 12
21 1 6 1 12
21 1 6 1 12
21 1 5 1 12
22 0 1 1 13
22 0 1 1 13
22 0 2 0 13
22 0 1 0 13
22 0 1 1 13
22 0 1 1 13
22 0 2 1 13
22 0 2 1 13
22 0 3 0 13
22 0 2 0 13
22 0 1 1 13
22 0 1 1 13
22 0 2 0 13
22 0 1 1 13
22 0 1 1 13
22 0 2 0 13
22 0 1 1 13
22 0 1 1 13
22 0 2 1 13
22 0 2 0 13
22 0 1 0 13
22 0 1 1 13
22 0 1 1 13
22 0 2 0 13
22 0 1 1 13
22 0 1 1 13
22 0 2 1 13
22 0 2 0 13
22 0 1 1 13
22 0 1 1 13
22 0 2 0 13
22 0 1 1 13
22 0 1 0 13
22 0 1 1 13
22 0 1 1 13
22 0 2 1 13
22 0 2 1 13
22 0 3 1 13
22 0 3 0 13
22 0 2 1 13
22 0 2 1 13
22 0 3 0 13
22 0 2 1 13
22 0 2 1 13
22 0 3 1 13
22 0 3 0 13
22 0 2 1 13
22 0 2 1 13
22 0 3 0 13
22 0 2 0 13
22 0 1 1 13
22 0 1 0 13
22 0 1 0 13
22 0 1 1 13
22 0 1 1 13
22 0 2 1 13
22 0 2 1 13
22 0 3 0 13
22 0 2 1 13
22 0 2 0 13
22 0 1 1 13
22 0 1 1 13
22 0 2 1 13
22 0 2 1 13
22 0 3 0 13
22 1 6 1 13
22 1 6 1 13
22 1 5 1 13
22 1 5 0 13
22 1 6 1 13
22 1 6 1 13
22 1 5 1 13
22 1 5 0 13
22 1 6 0 13
22 1 7 1 13
22 1 7 1 13
22 1 6 1 13
22 1 6 0 13
22 1 7 1 13
22 1 7 1 13
22 1 6 1 13
22 1 6 1 13
22 1 5 1 13
22 1 5 1 13
22 1 4 1 13
22 1 4 1 13
22 1 3 1 13
22 1 3 1 13
22 1 2 1 13
22 1 2 0 13
22 1 3 0 13
22 1 4 1 13
22 1 4 0 13
22 1 5 0 13
22 1 6 0 13
22 1 7 1 13
22 1 7 1 13
22 1 6 0 13
22 1 7 1 13
22 1 7 1 13
22 1 6 1 13
22 1 6 1 13
22 1 5 1 13
22 1 5 0 13
22 1 6 1 13
22 1 6 1 13
22 1 5 1 13
22 1 5 1 13
22 1 4 1 13
22 1 4 1 13
22 1 3 1 13
22 1 3 1 13
22 1 2 1 13
22 1 2 0 13
22 1 3 0 13
22 1 4 1 13
22 1 4 0 13
22 1 5 1 13
22 1 5 0 13
22 1 6 1 13
22 1 6 1 13
22 1 5 0 13
22 1 6 1 13
22 1 6 1 13
22 1 5 1 13
22 1 5 1 13
22 1 4 1 13
22 1 4 0 13
22 1 5 1 13
22 1 5 1 13
22 0 2 1 13
22 0 2 0 13
22 0 1 1 13
22 0 1 0 13
22 0 1 0 13
22 0 1 1 13
22 0 1 1 13
22 0 2 1 13
22 0 2 0 13
22 0 1 1 13
22 0 1 1 13
22 0 2 1 13
22 0 2 1 13
22 0 3 1 13
22 0 3 0 13
22 0 2 1 13
22 0 2 1 13
22 0 3 1 13
22 0 3 0 13
22 0 2 1 13
22 0 2 1 13
22 0 3 0 13
22 0 2 1 13
22 0 2 0 13
22 0 1 1 13
22 0 1 0 13
22 0 1 1 13
22 0 1 1 13
22 0 2 1 13
22 0 2 1 13
22 0 3 0 13
22 0 2 1 13
22 0 2 1 13
22 0 3 0 13
22 0 2 0 13
22 0 1 1 13
22 0 1 1 13
22 0 2 1 13
22 0 2 0 13
22 0 1 1 13
22 0 1 0 13
22 0 1 1 13
22 0 1 0 13
22 0 1 1 13
22 0 1 1 13
22 0 2 1 13
22 0 2 0 13
22 0 1 1 13
22 0 1 0 13
22 0 1 1 13
22 0 1 0 13
22 0 1 1 13
22 0 1 1 13
22 0 2 1 13
22 0 2 1 13
22 0 3 1 13
22 0 3 1 13
22 0 4 0 13
22 0 3 1 13
22 0 3 0 13
22 0 2 1 13
22 0 2 0 13
22 0 1 1 13
22 0 1 1 13
22 0 2 1 13
22 1 4 1 13
22 1 4 1 13
22 1 3 1 13
22 1 3 1 13
22 1 2 0 13
22 1 3 1 13
22 1 3 1 13
22 1 2 0 13
22 1 3 1 13
22 1 3 0 13
22 1 4 1 13
22 1 4 0 13
22 1 5 1 13
22 1 5 1 13
22 1 4 1 13
22 1 4 1 13
22 1 3 1 13
22 1 3 0 13
22 1 4 1 13
22 1 4 0 13
22 1 5 1 13
22 1 5 1 13
22 1 4 1 13
22 1 4 1 13
22 1 3 0 13
22 1 4 0 13
22 1 5 1 13
22 1 5 1 13
22 1 4 1 13
22 1 4 1 13
22 1 3 1 13
22 1 3 1 13
22 1 2 0 13
22 1 3 1 13
22 1 3 1 13
22 1 2 0 13
22 1 3 0 13
22 1 4 1 13
22 1 4 1 13
22 1 3 1 13
22 1 3 1 13
22 1 2 0 13
22 1 3 1 13
22 1 3 1 13
22 1 2 0 13
22 1 3 1 13
22 1 3 1 13
22 1 2 0 13
22 1 3 0 13
22 1 4 0 13
22 1 5 0 13
22 1 6 1 13
22 1 6 0 13
22 1 7 1 13
22 1 7 1 13
22 1 6 0 13
22 1 7 0 13
22 1 8 1 13
22 1 8 1 13
22 1 7 1 13
22 1 7 1 13
22 1 6 1 13
22 1 6 1 13
22 1 5 1 13
22 1 5 1 13
23 0 7 0 14
23 0 6 1 14
23 0 6 0 14
23 0 5 0 14
23 0 4 1 14
23 0 4 1 14
23 0 5 1 14
23 0 5 1 14
23 0 6 1 14
23 0 6 1 14
23 0 7 1 14
23 0 7 0 14
23 0 6 0 14
23 0 5 0 14
23 0 4 0 14
23 0 3 1 14
23 0 3 0 14
23 0 2 1 14
23 0 2 1 14
23 0 3 1 14
23 0 3 1 14
23 0 4 0 14
23 0 3 0 14
23 0 2 0 14
23 0 1 1 14
23 0 1 1 14
23 0 2 1 14
23 0 2 1 14
23 0 3 0 14
23 0 2 0 14
23 0 1 1 14
23 0 1 0 14
23 0 1 1 14
23 0 1 0 14
23 0 1 1 14
23 0 1 1 14
23 0 2 1 14
23 0 2 1 14
23 0 3 1 14
23 0 3 0 14
23 0 2 0 14
23 0 1 1 14
23 0 1 1 14
23 0 2 0 14
23 0 1 1 14
23 0 1 1 14
23 0 2 1 14
23 0 2 1 14
23 0 3 1 14
23 0 3 1 14
23 0 4 1 14
23 0 4 1 14
23 0 5 1 14
23 0 5 1 14
23 0 6 1 14
23 0 6 1 14
23 0 7 1 14
23 0 7 0 14
23 0 6 1 14
23 0 6 1 14
23 0 7 0 14
23 0 6 1 14
23 0 6 0 14
23 0 5 1 14
23 0 5 0 14
23 1 7 1 14
23 1 7 1 14
23 1 6 1 14
23 1 6 1 14
23 1 5 1 14
23 1 5 1 14
23 1 4 1 14
23 1 4 1 14
23 1 3 0 14
23 1 4 0 14
23 1 5 0 14
23 1 6 1 14
23 1 6 1 14
23 1 5 1 14
23 1 5 0 14
23 1 6 0 14
23 1 7 1 14
23 1 7 1 14
23 1 6 1 14
23 1 6 1 14
23 1 5 1 14
23 1 5 1 14
23 1 4 0 14
23 1 5 0 14
23 1 6 1 14
23 1 6 0 14
23 1 7 0 14
23 1 8 1 14
23 1 8 1 14
23 1 7 1 14
23 1 7 1 14
23 1 6 1 14
23 1 6 1 14
23 1 5 1 14
23 1 5 1 14
23 1 4 1 14
23 1 4 0 14
23 1 5 0 14
23 1 6 1 14
23 1 6 1 14
23 1 5 1 14
23 1 5 1 14
23 1 4 1 14
23 1 4 0 14
23 1 5 1 14
23 1 5 1 14
23 1 4 1 14
23 1 4 1 14
23 1 3 1 14
23 1 3 1 14
23 1 2 0 14
23 1 3 0 14
23 1 4 0 14
23 1 5 1 14
23 1 5 1 14
23 1 4 0 14
23 1 5 0 14
23 1 6 1 14
23 1 6 1 14
23 1 5 1 14
23 1 5 1 14
23 1 4 1 14
23 1 4 1 14
23 1 3 0 14
23 1 4 1 14
23 0 4 0 14
23 0 3 0 14
23 0 2 1 14
23 0 2 1 14
23 0 3 1 14
23 0 3 0 14
23 0 2 0 14
23 0 1 1 14
23 0 1 1 14
23 0 2 1 14
23 0 2 1 14
23 0 3 1 14
23 0 3 1 14
23 0 4 1 14
23 0 4 1 14
23 0 5 1 14
23 0 5 1 14
23 0 6 1 14
23 0 6 0 14
23 0 5 0 14
23 0 4 1 14
23 0 4 1 14
23 0 5 1 14
23 0 5 1 14
23 0 6 1 14
23 0 6 0 14
23 0 5 1 14
23 0 5 1 14
23 0 6 1 14
23 0 6 1 14
23 0 7 1 14
23 0 7 0 14
23 0 6 1 14
23 0 6 1 14
23 0 7 1 14
23 0 7 0 14
23 0 6 0 14
23 0 5 1 14
23 0 5 0 14
23 0 4 1 14
23 0 4 0 14
23 0 3 1 14
23 0 3 1 14
23 0 4 0 14
23 0 3 1 14
23 0 3 1 14
23 0 4 1 14
23 0 4 1 14
23 0 5 0 14
23 0 4 1 14
23 0 4 1 14
23 0 5 0 14
23 0 4 1 14
23 0 4 1 14
23 0 5 1 14
23 0 5 1 14
23 0 6 0 14
23 0 5 1 14
23 0 5 1 14
23 0 6 0 14
23 0 5 1 14
23 0 5 0 14
23 0 4 0 14
23 0 3 0 14
23 0 2 1 14
23 1 4 1 14
23 1 4 1 14
23 1 3 1 14
23 1 3 1 14
23 1 2 0 14
23 1 3 1 14
23 1 3 0 14
23 1 4 1 14
23 1 4 1 14
23 1 3 1 14
23 1 3 0 14
23 1 4 1 14
23 1 4 1 14
23 1 3 1 14
23 1 3 0 14
23 1 4 1 14
23 1 4 1 14
23 1 3 0 14
23 1 4 0 14
23 1 5 1 14
23 1 5 0 14
23 1 6 1 14
23 1 6 1 14
23 1 5 1 14
23 1 5 1 14
23 1 4 1 14
23 1 4 1 14
23 1 3 0 14
23 1 4 1 14
23 1 4 1 14
23 1 3 1 14
23 1 3 1 14
23 1 2 1 14
23 1 2 0 14
23 1 3 0 14
23 1 4 0 14
23 1 5 0 14
23 1 6 1 14
23 1 6 0 14
23 1 7 0 14
23 1 8 1 14
23 1 8 1 14
23 1 7 1 14
23 1 7 1 14
23 1 6 1 14
23 1 6 1 14
23 1 5 1 14
23 1 5 0 14
23 1 6 1 14
23 1 6 1 14
23 1 5 1 14
23 1 5 0 14
23 1 6 0 14
23 1 7 1 14
23 1 7 1 14
23 1 6 1 14
23 1 6 0 14
23 1 7 1 14
23 1 7 1 14
23 1 6 1 14
23 1 6 1 14
23 1 5 0 14
23 1 6 1 14
23 1 6 1 14
23 1 5 1 14
24 0 2 1 15
24 0 2 0 15
24 0 1 1 15
24 0 1 1 15
24 0 2 1 15
24 0 2 1 15
24 0 3 1 15
24 0 3 1 15
24 0 4 1 15
24 0 4 1 15
24 0 5 0 15
24 0 4 1 15
24 0 4 1 15
24 0 5 0 15
24 0 4 1 15
24 0 4 0 15
24 0 3 1 15
24 0 3 1 15
24 0 4 0 15
24 0 3 1 15
24 0 3 1 15
24 0 4 0 15
24 0 3 1 15
24 0 3 0 15
24 0 2 1 15
24 0 2 1 15
24 0 3 0 15
24 0 2 1 15
24 0 2 0 15
24 0 1 0 15
24 0 1 1 15
24 0 1 1 15
24 0 2 0 15
24 0 1 1 15
24 0 1 1 15
24 0 2 1 15
24 0 2 1 15
24 0 3 1 15
24 0 3 1 15
24 0 4 1 15
24 0 4 1 15
24 0 5 1 15
24 0 5 1 15
24 0 6 0 15
24 0 5 0 15
24 0 4 1 15
24 0 4 0 15
24 0 3 1 15
24 0 3 1 15
24 0 4 0 15
24 0 3 1 15
24 0 3 0 15
24 0 2 1 15
24 0 2 1 15
24 0 3 0 15
24 0 2 1 15
24 0 2 1 15
24 0 3 0 15
24 0 2 1 15
24 0 2 1 15
24 0 3 1 15
24 0 3 0 15
24 0 2 1 15
24 0 2 1 15
24 0 3 1 15
24 1 4 1 15
24 1 4 1 15
24 1 3 1 15
24 1 3 0 15
24 1 4 1 15
24 1 4 0 15
24 1 5 0 15
24 1 6 1 15
24 1 6 1 15
24 1 5 1 15
24 1 5 1 15
24 1 4 1 15
24 1 4 1 15
24 1 3 1 15
24 1 3 1 15
24 1 2 1 15
24 1 2 1 15
24 1 1 0 15
24 1 2 0 15
24 1 3 0 15
24 1 4 1 15
24 1 4 0 15
24 1 5 1 15
24 1 5 1 15
24 1 4 1 15
24 1 4 0 15
24 1 5 0 15
24 1 6 0 15
24 1 7 1 15
24 1 7 1 15
24 1 6 1 15
24 1 6 1 15
24 1 5 1 15
24 1 5 1 15
24 1 4 1 15
24 1 4 1 15
24 1 3 1 15
24 1 3 0 15
24 1 4 0 15
24 1 5 1 15
24 1 5 1 15
24 1 4 1 15
24 1 4 1 15
24 1 3 1 15
24 1 3 1 15
24 1 2 0 15
24 1 3 0 15
24 1 4 1 15
24 1 4 0 15
24 1 5 1 15
24 1 5 1 15
24 1 4 1 15
24 1 4 1 15
24 1 3 1 15
24 1 3 1 15
24 1 2 0 15
24 1 3 1 15
24 1 3 0 15
24 1 4 0 15
24 1 5 0 15
24 1 6 1 15
24 1 6 1 15
24 1 5 1 15
24 1 5 1 15
24 1 4 0 15
24 0 3 0 15
24 0 2 1 15
24 0 2 1 15
24 0 3 1 15
24 0 3 0 15
24 0 2 1 15
24 0 2 1 15
24 0 3 0 15
24 0 2 1 15
24 0 2 0 15
24 0 1 1 15
24 0 1 1 15
24 0 2 1 15
24 0 2 1 15
24 0 3 1 15
24 0 3 1 15
24 0 4 1 15
24 0 4 1 15
24 0 5 1 15
24 0 5 1 15
24 0 6 0 15
24 0 5 1 15
24 0 5 0 15
24 0 4 1 15
24 0 4 1 15
24 0 5 1 15
24 0 5 1 15
24 0 6 1 15
24 0 6 1 15
24 0 7 1 15
24 0 7 0 15
24 0 6 0 15
24 0 5 0 15
24 0 4 0 15
24 0 3 0 15
24 0 2 1 15
24 0 2 1 15
24 0 3 1 15
24 0 3 1 15
24 0 4 1 15
24 0 4 1 15
24 0 5 1 15
24 0 5 1 15
24 0 6 0 15
24 0 5 1 15
24 0 5 1 15
24 0 6 1 15
24 0 6 1 15
24 0 7 1 15
24 0 7 0 15
24 0 6 0 15
24 0 5 0 15
24 0 4 0 15
24 0 3 1 15
24 0 3 0 15
24 0 2 1 15
24 0 2 1 15
24 0 3 1 15
24 0 3 1 15
24 0 4 1 15
24 0 4 1 15
24 0 5 1 15
24 0 5 1 15
24 0 6 1 15
24 0 6 0 15
24 1 5 1 15
24 1 5 1 15
24 1 4 0 15
24 1 5 1 15
24 1 5 1 15
24 1 4 1 15
24 1 4 1 15
24 1 3 0 15
24 1 4 1 15
24 1 4 1 15
24 1 3 1 15
24 1 3 0 15
24 1 4 1 15
24 1 4 1 15
24 1 3 0 15
24 1 4 1 15
24 1 4 1 15
24 1 3 1 15
24 1 3 1 15
24 1 2 0 15
24 1 3 0 15
24 1 4 1 15
24 1 4 1 15
24 1 3 1 15
24 1 3 0 15
24 1 4 0 15
24 1 5 1 15
24 1 5 0 15
24 1 6 1 15
24 1 6 1 15
24 1 5 1 15
24 1 5 1 15
24 1 4 1 15
24 1 4 1 15
24 1 3 0 15
24 1 4 1 15
24 1 4 1 15
24 1 3 0 15
24 1 4 1 15
24 1 4 1 15
24 1 3 1 15
24 1 3 1 15
24 1 2 1 15
24 1 2 0 15
24 1 3 1 15
24 1 3 0 15
24 1 4 1 15
24 1 4 0 15
24 1 5 1 15
24 1 5 1 15
24 1 4 0 15
24 1 5 1 15
24 1 5 1 15
24 1 4 0 15
24 1 5 1 15
24 1 5 0 15
24 1 6 0 15
24 1 7 1 15
24 1 7 1 15
24 1 6 1 15
24 1 6 1 15
24 1 5 1 15
24 1 5 1 15
24 1 4 1 15
24 1 4 0 15
25 0 2 0 16
25 0 1 0 16
25 0 1 1 16
25 0 1 0 16
25 0 1 1 16
25 0 1 1 16
25 0 2 1 16
25 0 2 1 16
25 0 3 1 16
25 0 3 0 16
25 0 2 1 16
25 0 2 0 16
25 0 1 1 16
25 0 1 1 16
25 0 2 1 16
25 0 2 1 16
25 0 3 0 16
25 0 2 0 16
25 0 1 1 16
25 0 1 0 16
25 0 1 1 16
25 0 1 1 16
25 0 2 1 16
25 0 2 0 16
25 0 1 1 16
25 0 1 1 16
25 0 2 1 16
25 0 2 1 16
25 0 3 1 16
25 0 3 1 16
25 0 4 1 16
25 0 4 1 16
25 0 5 0 16
25 0 4 1 16
25 0 4 0 16
25 0 3 1 16
25 0 3 1 16
25 0 4 1 16
25 0 4 1 16
25 0 5 1 16
25 0 5 1 16
25 0 6 1 16
25 0 6 1 16
25 0 7 1 16
25 0 7 1 16
25 0 8 0 16
25 0 7 1 16
25 0 7 1 16
25 0 8 1 16
25 0 8 1 16
25 0 9 1 16
25 0 9 1 16
25 0 10 0 16
25 0 9 1 16
25 0 9 0 16
25 0 8 0 16
25 0 7 1 16
25 0 7 0 16
25 0 6 1 16
25 0 6 1 16
25 0 7 1 16
25 0 7 0 16
25 0 6 1 16
25 0 6 1 16
25 0 7 0 16
25 1 3 0 16
25 1 4 0 16
25 1 5 0 16
25 1 6 1 16
25 1 6 0 16
25 1 7 1 16
25 1 7 1 16
25 1 6 1 16
25 1 6 1 16
25 1 5 1 16
25 1 5 1 16
25 1 4 1 16
25 1 4 1 16
25 1 3 0 16
25 1 4 0 16
25 1 5 1 16
25 1 5 1 16
25 1 4 0 16
25 1 5 1 16
25 1 5 1 16
25 1 4 1 16
25 1 4 0 16
25 1 5 1 16
25 1 5 1 16
25 1 4 1 16
25 1 4 1 16
25 1 3 1 16
25 1 3 0 16
25 1 4 1 16
25 1 4 0 16
25 1 5 1 16
25 1 5 0 16
25 1 6 1 16
25 1 6 1 16
25 1 5 1 16
25 1 5 0 16
25 1 6 0 16
25 1 7 1 16
25 1 7 1 16
25 1 6 1 16
25 1 6 1 16
25 1 5 0 16
25 1 6 0 16
25 1 7 1 16
25 1 7 0 16
25 1 8 1 16
25 1 8 1 16
25 1 7 1 16
25 1 7 1 16
25 1 6 0 16
25 1 7 1 16
25 1 7 1 16
25 1 6 1 16
25 1 6 1 16
25 1 5 1 16
25 1 5 1 16
25 1 4 0 16
25 1 5 1 16
25 1 5 0 16
25 1 6 1 16
25 1 6 1 16
25 1 5 0 16
25 1 6 1 16
25 1 6 1 16
25 1 5 0 16
25 0 6 0 16
25 0 5 1 16
25 0 5 0 16
25 0 4 1 16
25 0 4 1 16
25 0 5 0 16
25 0 4 1 16
25 0 4 1 16
25 0 5 0 16
25 0 4 1 16
25 0 4 0 16
25 0 3 0 16
25 0 2 0 16
25 0 1 0 16
25 0 1 1 16
25 0 1 1 16
25 0 2 1 16
25 0 2 1 16
25 0 3 1 16
25 0 3 0 16
25 0 2 1 16
25 0 2 1 16
25 0 3 1 16
25 0 3 1 16
25 0 4 1 16
25 0 4 1 16
25 0 5 1 16
25 0 5 1 16
25 0 6 1 16
25 0 6 1 16
25 0 7 1 16
25 0 7 1 16
25 0 8 0 16
25 0 7 1 16
25 0 7 0 16
25 0 6 1 16
25 0 6 1 16
25 0 7 1 16
25 0 7 1 16
25 0 8 0 16
25 0 7 0 16
25 0 6 0 16
25 0 5 1 16
25 0 5 1 16
25 0 6 0 16
25 0 5 0 16
25 0 4 1 16
25 0 4 0 16
25 0 3 1 16
25 0 3 1 16
25 0 4 1 16
25 0 4 1 16
25 0 5 0 16
25 0 4 1 16
25 0 4 1 16
25 0 5 0 16
25 0 4 1 16
25 0 4 1 16
25 0 5 0 16
25 0 4 0 16
25 0 3 1 16
25 0 3 1 16
25 0 4 1 16
25 0 4 1 16
25 0 5 1 16
25 1 6 1 16
25 1 6 1 16
25 1 5 1 16
25 1 5 1 16
25 1 4 1 16
25 1 4 1 16
25 1 3 1 16
25 1 3 0 16
25 1 4 0 16
25 1 5 1 16
25 1 5 0 16
25 1 6 0 16
25 1 7 1 16
25 1 7 1 16
25 1 6 0 16
25 1 7 1 16
25 1 7 1 16
25 1 6 1 16
25 1 6 1 16
25 1 5 1 16
25 1 5 0 16
25 1 6 1 16
25 1 6 1 16
25 1 5 1 16
25 1 5 0 16
25 1 6 1 16
25 1 6 1 16
25 1 5 1 16
25 1 5 1 16
25 1 4 1 16
25 1 4 1 16
25 1 3 1 16
25 1 3 1 16
25 1 2 1 16
25 1 2 0 16
25 1 3 0 16
25 1 4 0 16
25 1 5 1 16
25 1 5 0 16
25 1 6 1 16
25 1 6 1 16
25 1 5 1 16
25 1 5 1 16
25 1 4 1 16
25 1 4 0 16
25 1 5 1 16
25 1 5 0 16
25 1 6 1 16
25 1 6 1 16
25 1 5 1 16
25 1 5 1 16
25 1 4 1 16
25 1 4 0 16
25 1 5 0 16
25 1 6 1 16
25 1 6 0 16
25 1 7 1 16
25 1 7 1 16
25 1 6 0 16
25 1 7 1 16
25 1 7 0 16
25 1 8 1 16
25 1 8 1 16
25 1 7 0 16
25 1 8 1 16
27 0 5 0 17
27 0 4 0 17
27 0 3 1 17
27 0 3 1 17
27 0 4 0 17
27 0 3 1 17
27 0 3 1 17
27 0 4 0 17
27 0 3 1 17
27 0 3 0 17
27 0 2 1 17
27 0 2 1 17
27 0 3 1 17
27 0 3 1 17
27 0 4 0 17
27 0 3 1 17
27 0 3 0 17
27 0 2 1 17
27 0 2 0 17
27 0 1 1 17
27 0 1 1 17
27 0 2 1 17
27 0 2 1 17
27 0 3 1 17
27 0 3 1 17
27 0 4 0 17
27 0 3 1 17
27 0 3 1 17
27 0 4 1 17
27 0 4 0 17
27 0 3 1 17
27 0 3 1 17
27 0 4 1 17
27 0 4 1 17
27 0 5 0 17
27 0 4 0 17
27 0 3 1 17
27 0 3 1 17
27 0 4 1 17
27 0 4 0 17
27 0 3 0 17
27 0 2 0 17
27 0 1 1 17
27 0 1 0 17
27 0 1 1 17
27 0 1 1 17
27 0 2 0 17
27 0 1 1 17
27 0 1 1 17
27 0 2 1 17
27 0 2 0 17
27 0 1 1 17
27 0 1 0 17
27 0 1 0 17
27 0 1 0 17
27 0 1 1 17
27 0 1 1 17
27 0 2 1 17
27 0 2 1 17
27 0 3 0 17
27 0 2 1 17
27 0 2 1 17
27 0 3 1 17
27 0 3 1 17
27 0 4 1 17
27 1 12 1 17
27 1 12 1 17
27 1 11 1 17
27 1 11 1 17
27 1 10 1 17
27 1 10 1 17
27 1 9 1 17
27 1 9 1 17
27 1 8 1 17
27 1 8 1 17
27 1 7 1 17
27 1 7 1 17
27 1 6 1 17
27 1 6 1 17
27 1 5 1 17
27 1 5 1 17
27 1 4 0 17
27 1 5 0 17
27 1 6 1 17
27 1 6 1 17
27 1 5 0 17
27 1 6 1 17
27 1 6 1 17
27 1 5 0 17
27 1 6 1 17
27 1 6 0 17
27 1 7 1 17
27 1 7 1 17
27 1 6 1 17
27 1 6 0 17
27 1 7 0 17
27 1 8 1 17
27 1 8 1 17
27 1 7 1 17
27 1 7 0 17
27 1 8 1 17
27 1 8 0 17
27 1 9 0 17
27 1 10 1 17
27 1 10 0 17
27 1 11 1 17
27 1 11 1 17
27 1 10 1 17
27 1 10 1 17
27 1 9 1 17
27 1 9 1 17
27 1 8 1 17
27 1 8 1 17
27 1 7 1 17
27 1 7 0 17
27 1 8 1 17
27 1 8 0 17
27 1 9 1 17
27 1 9 1 17
27 1 8 1 17
27 1 8 1 17
27 1 7 1 17
27 1 7 1 17
27 1 6 0 17
27 1 7 0 17
27 1 8 1 17
27 1 8 0 17
27 1 9 0 17
27 1 10 0 17
27 1 11 0 17
27 0 4 1 17
27 0 4 1 17
27 0 5 1 17
27 0 5 1 17
27 0 6 1 17
27 0 6 1 17
27 0 7 0 17
27 0 6 1 17
27 0 6 0 17
27 0 5 1 17
27 0 5 1 17
27 0 6 0 17
27 0 5 1 17
27 0 5 0 17
27 0 4 0 17
27 0 3 0 17
27 0 2 1 17
27 0 2 1 17
27 0 3 1 17
27 0 3 0 17
27 0 2 1 17
27 0 2 1 17
27 0 3 1 17
27 0 3 1 17
27 0 4 1 17
27 0 4 1 17
27 0 5 0 17
27 0 4 1 17
27 0 4 0 17
27 0 3 1 17
27 0 3 1 17
27 0 4 1 17
27 0 4 0 17
27 0 3 1 17
27 0 3 1 17
27 0 4 1 17
27 0 4 1 17
27 0 5 1 17
27 0 5 0 17
27 0 4 1 17
27 0 4 1 17
27 0 5 0 17
27 0 4 1 17
27 0 4 1 17
27 0 5 0 17
27 0 4 1 17
27 0 4 1 17
27 0 5 1 17
27 0 5 1 17
27 0 6 0 17
27 0 5 0 17
27 0 4 1 17
27 0 4 0 17
27 0 3 1 17
27 0 3 1 17
27 0 4 1 17
27 0 4 0 17
27 0 3 0 17
27 0 2 1 17
27 0 2 1 17
27 0 3 1 17
27 0 3 1 17
27 0 4 0 17
27 0 3 1 17
27 0 3 1 17
27 1 12 1 17
27 1 12 1 17
27 1 11 1 17
27 1 11 1 17
27 1 10 1 17
27 1 10 1 17
27 1 9 1 17
27 1 9 1 17
27 1 8 1 17
27 1 8 1 17
27 1 7 1 17
27 1 7 1 17
27 1 6 1 17
27 1 6 1 17
27 1 5 0 17
27 1 6 1 17
27 1 6 1 17
27 1 5 0 17
27 1 6 0 17
27 1 7 1 17
27 1 7 1 17
27 1 6 1 17
27 1 6 1 17
27 1 5 1 17
27 1 5 1 17
27 1 4 0 17
27 1 5 0 17
27 1 6 0 17
27 1 7 1 17
27 1 7 1 17
27 1 6 1 17
27 1 6 1 17
27 1 5 1 17
27 1 5 0 17
27 1 6 1 17
27 1 6 1 17
27 1 5 0 17
27 1 6 1 17
27 1 6 1 17
27 1 5 1 17
27 1 5 0 17
27 1 6 1 17
27 1 6 1 17
27 1 5 0 17
27 1 6 1 17
27 1 6 1 17
27 1 5 1 17
27 1 5 0 17
27 1 6 1 17
27 1 6 1 17
27 1 5 1 17
27 1 5 0 17
27 1 6 1 17
27 1 6 1 17
27 1 5 1 17
27 1 5 1 17
27 1 4 0 17
27 1 5 0 17
27 1 6 1 17
27 1 6 1 17
27 1 5 0 17
27 1 6 1 17
27 1 6 0 17
27 1 7 1 17
27 1 7 1 17
28 0 1 1 18
28 0 1 0 18
28 0 1 1 18
28 0 1 1 18
28 0 2 0 18
28 0 1 1 18
28 0 1 1 18
28 0 2 1 18
28 0 2 1 18
28 0 3 0 18
28 0 2 0 18
28 0 1 0 18
28 0 1 0 18
28 0 1 0 18
28 0 1 1 18
28 0 1 0 18
28 0 1 0 18
28 0 1 1 18
28 0 1 1 18
28 0 2 0 18
28 0 1 0 18
28 0 1 1 18
28 0 1 1 18
28 0 2 1 18
28 0 2 0 18
28 0 1 0 18
28 0 1 1 18
28 0 1 1 18
28 0 2 0 18
28 0 1 1 18
28 0 1 0 18
28 0 1 1 18
28 0 1 1 18
28 0 2 1 18
28 0 2 1 18
28 0 3 1 18
28 0 3 1 18
28 0 4 1 18
28 0 4 1 18
28 0 5 0 18
28 0 4 0 18
28 0 3 1 18
28 0 3 0 18
28 0 2 1 18
28 0 2 1 18
28 0 3 1 18
28 0 3 1 18
28 0 4 1 18
28 0 4 1 18
28 0 5 0 18
28 0 4 1 18
28 0 4 1 18
28 0 5 1 18
28 0 5 0 18
28 0 4 0 18
28 0 3 1 18
28 0 3 1 18
28 0 4 0 18
28 0 3 0 18
28 0 2 1 18
28 0 2 1 18
28 0 3 1 18
28 0 3 0 18
28 0 2 1 18
28 0 2 1 18
28 1 12 1 18
28 1 12 1 18
28 1 11 1 18
28 1 11 1 18
28 1 10 1 18
28 1 10 1 18
28 1 9 1 18
28 1 9 1 18
28 1 8 1 18
28 1 8 1 18
28 1 7 1 18
28 1 7 1 18
28 1 6 1 18
28 1 6 1 18
28 1 5 0 18
28 1 6 1 18
28 1 6 1 18
28 1 5 1 18
28 1 5 1 18
28 1 4 1 18
28 1 4 1 18
28 1 3 0 18
28 1 4 1 18
28 1 4 1 18
28 1 3 0 18
28 1 4 0 18
28 1 5 1 18
28 1 5 0 18
28 1 6 1 18
28 1 6 0 18
28 1 7 1 18
28 1 7 1 18
28 1 6 1 18
28 1 6 1 18
28 1 5 1 18
28 1 5 1 18
28 1 4 0 18
28 1 5 1 18
28 1 5 1 18
28 1 4 0 18
28 1 5 1 18
28 1 5 0 18
28 1 6 1 18
28 1 6 0 18
28 1 7 0 18
28 1 8 1 18
28 1 8 1 18
28 1 7 1 18
28 1 7 1 18
28 1 6 0 18
28 1 7 0 18
28 1 8 1 18
28 1 8 1 18
28 1 7 0 18
28 1 8 1 18
28 1 8 1 18
28 1 7 1 18
28 1 7 1 18
28 1 6 1 18
28 1 6 1 18
28 1 5 0 18
28 1 6 0 18
28 1 7 1 18
28 1 7 1 18
28 1 6 1 18
28 0 3 0 18
28 0 2 0 18
28 0 1 1 18
28 0 1 1 18
28 0 2 0 18
28 0 1 1 18
28 0 1 1 18
28 0 2 1 18
28 0 2 1 18
28 0 3 1 18
28 0 3 1 18
28 0 4 1 18
28 0 4 1 18
28 0 5 0 18
28 0 4 1 18
28 0 4 0 18
28 0 3 1 18
28 0 3 0 18
28 0 2 0 18
28 0 1 0 18
28 0 1 1 18
28 0 1 1 18
28 0 2 1 18
28 0 2 1 18
28 0 3 1 18
28 0 3 0 18
28 0 2 1 18
28 0 2 1 18
28 0 3 0 18
28 0 2 1 18
28 0 2 0 18
28 0 1 1 18
28 0 1 1 18
28 0 2 1 18
28 0 2 1 18
28 0 3 0 18
28 0 2 0 18
28 0 1 1 18
28 0 1 1 18
28 0 2 1 18
28 0 2 1 18
28 0 3 1 18
28 0 3 1 18
28 0 4 1 18
28 0 4 0 18
28 0 3 1 18
28 0 3 0 18
28 0 2 1 18
28 0 2 0 18
28 0 1 0 18
28 0 1 0 18
28 0 1 0 18
28 0 1 1 18
28 0 1 1 18
28 0 2 1 18
28 0 2 1 18
28 0 3 0 18
28 0 2 1 18
28 0 2 0 18
28 0 1 1 18
28 0 1 1 18
28 0 2 0 18
28 0 1 0 18
28 0 1 0 18
28 0 1 1 18
28 1 6 1 18
28 1 6 1 18
28 1 5 1 18
28 1 5 1 18
28 1 4 0 18
28 1 5 0 18
28 1 6 1 18
28 1 6 1 18
28 1 5 1 18
28 1 5 1 18
28 1 4 0 18
28 1 5 1 18
28 1 5 0 18
28 1 6 0 18
28 1 7 1 18
28 1 7 0 18
28 1 8 1 18
28 1 8 1 18
28 1 7 1 18
28 1 7 1 18
28 1 6 1 18
28 1 6 1 18
28 1 5 1 18
28 1 5 1 18
28 1 4 1 18
28 1 4 0 18
28 1 5 1 18
28 1 5 1 18
28 1 4 1 18
28 1 4 0 18
28 1 5 0 18
28 1 6 1 18
28 1 6 0 18
28 1 7 1 18
28 1 7 1 18
28 1 6 1 18
28 1 6 1 18
28 1 5 1 18
28 1 5 0 18
28 1 6 1 18
28 1 6 0 18
28 1 7 1 18
28 1 7 1 18
28 1 6 0 18
28 1 7 1 18
28 1 7 0 18
28 1 8 1 18
28 1 8 1 18
28 1 7 1 18
28 1 7 1 18
28 1 6 1 18
28 1 6 1 18
28 1 5 0 18
28 1 6 1 18
28 1 6 1 18
28 1 5 1 18
28 1 5 1 18
28 1 4 1 18
28 1 4 0 18
28 1 5 1 18
28 1 5 1 18
28 1 4 1 18
28 1 4 0 18
28 1 5 1 18
28 1 5 1 18
29 0 2 1 19
29 0 2 1 19
29 0 3 1 19
29 0 3 1 19
29 0 4 1 19
29 0 4 0 19
29 0 3 1 19
29 0 3 1 19
29 0 4 1 19
29 0 4 0 19
29 0 3 1 19
29 0 3 0 19
29 0 2 1 19
29 0 2 1 19
29 0 3 1 19
29 0 3 0 19
29 0 2 1 19
29 0 2 0 19
29 0 1 1 19
29 0 1 1 19
29 0 2 0 19
29 0 1 1 19
29 0 1 1 19
29 0 2 1 19
29 0 2 1 19
29 0 3 1 19
29 0 3 1 19
29 0 4 1 19
29 0 4 0 19
29 0 3 1 19
29 0 3 0 19
29 0 2 1 19
29 0 2 0 19
29 0 1 1 19
29 0 1 0 19
29 0 1 1 19
29 0 1 1 19
29 0 2 1 19
29 0 2 1 19
29 0 3 0 19
29 0 2 1 19
29 0 2 1 19
29 0 3 0 19
29 0 2 1 19
29 0 2 1 19
29 0 3 1 19
29 0 3 0 19
29 0 2 1 19
29 0 2 1 19
29 0 3 1 19
29 0 3 1 19
29 0 4 0 19
29 0 3 1 19
29 0 3 1 19
29 0 4 0 19
29 0 3 1 19
29 0 3 1 19
29 0 4 0 19
29 0 3 1 19
29 0 3 1 19
29 0 4 1 19
29 0 4 1 19
29 0 5 1 19
29 0 5 1 19
29 0 6 0 19
29 1 6 0 19
29 1 7 1 19
29 1 7 1 19
29 1 6 1 19
29 1 6 1 19
29 1 5 1 19
29 1 5 1 19
29 1 4 0 19
29 1 5 0 19
29 1 6 0 19
29 1 7 1 19
29 1 7 1 19
29 1 6 1 19
29 1 6 1 19
29 1 5 1 19
29 1 5 1 19
29 1 4 1 19
29 1 4 1 19
29 1 3 1 19
29 1 3 1 19
29 1 2 0 19
29 1 3 0 19
29 1 4 0 19
29 1 5 1 19
29 1 5 0 19
29 1 6 1 19
29 1 6 1 19
29 1 5 1 19
29 1 5 1 19
29 1 4 1 19
29 1 4 1 19
29 1 3 0 19
29 1 4 1 19
29 1 4 1 19
29 1 3 0 19
29 1 4 1 19
29 1 4 1 19
29 1 3 1 19
29 1 3 0 19
29 1 4 1 19
29 1 4 1 19
29 1 3 0 19
29 1 4 1 19
29 1 4 1 19
29 1 3 1 19
29 1 3 1 19
29 1 2 0 19
29 1 3 1 19
29 1 3 1 19
29 1 2 0 19
29 1 3 0 19
29 1 4 0 19
29 1 5 1 19
29 1 5 1 19
29 1 4 1 19
29 1 4 1 19
29 1 3 1 19
29 1 3 1 19
29 1 2 0 19
29 1 3 1 19
29 1 3 0 19
29 1 4 1 19
29 1 4 1 19
29 1 3 0 19
29 1 4 0 19
29 0 5 0 19
29 0 4 0 19
29 0 3 1 19
29 0 3 0 19
29 0 2 1 19
29 0 2 1 19
29 0 3 1 19
29 0 3 0 19
29 0 2 1 19
29 0 2 1 19
29 0 3 1 19
29 0 3 0 19
29 0 2 1 19
29 0 2 1 19
29 0 3 1 19
29 0 3 0 19
29 0 2 1 19
29 0 2 0 19
29 0 1 1 19
29 0 1 1 19
29 0 2 1 19
29 0 2 1 19
29 0 3 1 19
29 0 3 1 19
29 0 4 1 19
29 0 4 1 19
29 0 5 0 19
29 0 4 1 19
29 0 4 1 19
29 0 5 1 19
29 0 5 1 19
29 0 6 0 19
29 0 5 0 19
29 0 4 0 19
29 0 3 0 19
29 0 2 1 19
29 0 2 1 19
29 0 3 1 19
29 0 3 1 19
29 0 4 1 19
29 0 4 1 19
29 0 5 1 19
29 0 5 1 19
29 0 6 0 19
29 0 5 0 19
29 0 4 1 19
29 0 4 1 19
29 0 5 1 19
29 0 5 0 19
29 0 4 1 19
29 0 4 1 19
29 0 5 0 19
29 0 4 1 19
29 0 4 0 19
29 0 3 1 19
29 0 3 1 19
29 0 4 1 19
29 0 4 1 19
29 0 5 0 19
29 0 4 0 19
29 0 3 1 19
29 0 3 1 19
29 0 4 0 19
29 0 3 1 19
29 0 3 1 19
29 1 5 1 19
29 1 5 0 19
29 1 6 1 19
29 1 6 1 19
29 1 5 1 19
29 1 5 1 19
29 1 4 1 19
29 1 4 0 19
29 1 5 1 19
29 1 5 1 19
29 1 4 0 19
29 1 5 1 19
29 1 5 1 19
29 1 4 1 19
29 1 4 1 19
29 1 3 1 19
29 1 3 1 19
29 1 2 0 19
29 1 3 1 19
29 1 3 1 19
29 1 2 0 19
29 1 3 1 19
29 1 3 1 19
29 1 2 1 19
29 1 2 0 19
29 1 3 1 19
29 1 3 0 19
29 1 4 1 19
29 1 4 0 19
29 1 5 1 19
29 1 5 1 19
29 1 4 1 19
29 1 4 1 19
29 1 3 1 19
29 1 3 0 19
29 1 4 1 19
29 1 4 1 19
29 1 3 0 19
29 1 4 1 19
29 1 4 0 19
29 1 5 1 19
29 1 5 1 19
29 1 4 1 19
29 1 4 1 19
29 1 3 0 19
29 1 4 1 19
29 1 4 1 19
29 1 3 0 19
29 1 4 1 19
29 1 4 0 19
29 1 5 1 19
29 1 5 1 19
29 1 4 1 19
29 1 4 0 19
29 1 5 1 19
29 1 5 0 19
29 1 6 1 19
29 1 6 1 19
29 1 5 0 19
29 1 6 1 19
29 1 6 1 19
29 1 5 1 19
29 1 5 0 19
29 1 6 1 19
29 1 6 1 19
46 0 2 0 20
46 0 1 0 20
46 0 1 0 20
46 0 1 1 20
46 0 1 1 20
46 0 2 1 20
46 0 2 1 20
46 0 3 1 20
46 0 3 1 20
46 0 4 0 20
46 0 3 1 20
46 0 3 1 20
46 0 4 1 20
46 0 4 1 20
46 0 5 0 20
46 0 4 1 20
46 0 4 1 20
46 0 5 1 20
46 0 5 1 20
46 0 6 1 20
46 0 6 0 20
46 0 5 1 20
46 0 5 1 20
46 0 6 0 20
46 0 5 1 20
46 0 5 0 20
46 0 4 1 20
46 0 4 1 20
46 0 5 0 20
46 0 4 0 20
46 0 3 0 20
46 0 2 1 20
46 0 2 1 20
46 0 3 1 20
46 0 3 1 20
46 0 4 1 20
46 0 4 1 20
46 0 5 1 20
46 0 5 0 20
46 0 4 1 20
46 0 4 1 20
46 0 5 1 20
46 0 5 1 20
46 0 6 1 20
46 0 6 1 20
46 0 7 0 20
46 0 6 1 20
46 0 6 1 20
46 0 7 1 20
46 0 7 0 20
46 0 6 1 20
46 0 6 1 20
46 0 7 1 20
46 0 7 1 20
46 0 8 1 20
46 0 8 1 20
46 0 9 0 20
46 0 8 0 20
46 0 7 1 20
46 0 7 0 20
46 0 6 0 20
46 0 5 0 20
46 0 4 1 20
46 0 4 0 20
46 0 3 1 20
46 1 3 0 20
46 1 4 1 20
46 1 4 1 20
46 1 3 1 20
46 1 3 1 20
46 1 2 0 20
46 1 3 0 20
46 1 4 1 20
46 1 4 1 20
46 1 3 0 20
46 1 4 1 20
46 1 4 0 20
46 1 5 0 20
46 1 6 1 20
46 1 6 1 20
46 1 5 1 20
46 1 5 1 20
46 1 4 1 20
46 1 4 0 20
46 1 5 0 20
46 1 6 1 20
46 1 6 1 20
46 1 5 1 20
46 1 5 1 20
46 1 4 1 20
46 1 4 1 20
46 1 3 1 20
46 1 3 0 20
46 1 4 0 20
46 1 5 1 20
46 1 5 1 20
46 1 4 1 20
46 1 4 1 20
46 1 3 0 20
46 1 4 1 20
46 1 4 1 20
46 1 3 1 20
46 1 3 0 20
46 1 4 0 20
46 1 5 0 20
46 1 6 1 20
46 1 6 0 20
46 1 7 1 20
46 1 7 1 20
46 1 6 1 20
46 1 6 1 20
46 1 5 1 20
46 1 5 1 20
46 1 4 1 20
46 1 4 1 20
46 1 3 0 20
46 1 4 1 20
46 1 4 1 20
46 1 3 1 20
46 1 3 1 20
46 1 2 0 20
46 1 3 0 20
46 1 4 1 20
46 1 4 0 20
46 1 5 1 20
46 1 5 1 20
46 1 4 1 20
46 1 4 1 20
46 1 3 0 20
46 1 4 0 20
46 0 3 0 20
46 0 2 1 20
46 0 2 1 20
46 0 3 1 20
46 0 3 1 20
46 0 4 1 20
46 0 4 1 20
46 0 5 1 20
46 0 5 1 20
46 0 6 1 20
46 0 6 1 20
46 0 7 0 20
46 0 6 1 20
46 0 6 1 20
46 0 7 1 20
46 0 7 0 20
46 0 6 1 20
46 0 6 1 20
46 0 7 1 20
46 0 7 1 20
46 0 8 0 20
46 0 7 0 20
46 0 6 1 20
46 0 6 1 20
46 0 7 0 20
46 0 6 1 20
46 0 6 0 20
46 0 5 0 20
46 0 4 0 20
46 0 3 0 20
46 0 2 1 20
46 0 2 0 20
46 0 1 1 20
46 0 1 1 20
46 0 2 1 20
46 0 2 1 20
46 0 3 1 20
46 0 3 1 20
46 0 4 1 20
46 0 4 0 20
46 0 3 1 20
46 0 3 1 20
46 0 4 1 20
46 0 4 1 20
46 0 5 1 20
46 0 5 1 20
46 0 6 1 20
46 0 6 1 20
46 0 7 1 20
46 0 7 1 20
46 0 8 0 20
46 0 7 0 20
46 0 6 1 20
46 0 6 1 20
46 0 7 0 20
46 0 6 1 20
46 0 6 1 20
46 0 7 0 20
46 0 6 1 20
46 0 6 0 20
46 0 5 1 20
46 0 5 1 20
46 0 6 1 20
46 0 6 1 20
46 0 7 0 20
46 1 5 1 20
46 1 5 1 20
46 1 4 1 20
46 1 4 1 20
46 1 3 1 20
46 1 3 0 20
46 1 4 0 20
46 1 5 1 20
46 1 5 1 20
46 1 4 1 20
46 1 4 0 20
46 1 5 1 20
46 1 5 1 20
46 1 4 1 20
46 1 4 1 20
46 1 3 1 20
46 1 3 1 20
46 1 2 0 20
46 1 3 1 20
46 1 3 1 20
46 1 2 1 20
46 1 2 1 20
46 1 1 0 20
46 1 2 0 20
46 1 3 1 20
46 1 3 1 20
46 1 2 1 20
46 1 2 0 20
46 1 3 1 20
46 1 3 1 20
46 1 2 1 20
46 1 2 1 20
46 1 1 1 20
46 1 1 0 20
46 1 2 0 20
46 1 3 0 20
46 1 4 1 20
46 1 4 1 20
46 1 3 1 20
46 1 3 1 20
46 1 2 1 20
46 1 2 1 20
46 1 1 1 20
46 1 1 1 20
46 1 1 1 20
46 1 1 0 20
46 1 2 1 20
46 1 2 1 20
46 1 1 1 20
46 1 1 0 20
46 1 2 0 20
46 1 3 1 20
46 1 3 1 20
46 1 2 0 20
46 1 3 1 20
46 1 3 1 20
46 1 2 1 20
46 1 2 0 20
46 1 3 1 20
46 1 3 0 20
46 1 4 1 20
46 1 4 1 20
46 1 3 1 20
46 1 3 1 20
46 1 2 0 20
47 0 2 1 21
47 0 2 1 21
47 0 3 1 21
47 0 3 1 21
47 0 4 0 21
47 0 3 0 21
47 0 2 0 21
47 0 1 1 21
47 0 1 1 21
47 0 2 1 21
47 0 2 1 21
47 0 3 1 21
47 0 3 1 21
47 0 4 1 21
47 0 4 1 21
47 0 5 0 21
47 0 4 0 21
47 0 3 1 21
47 0 3 1 21
47 0 4 1 21
47 0 4 0 21
47 0 3 0 21
47 0 2 0 21
47 0 1 1 21
47 0 1 1 21
47 0 2 1 21
47 0 2 1 21
47 0 3 1 21
47 0 3 1 21
47 0 4 1 21
47 0 4 1 21
47 0 5 0 21
47 0 4 1 21
47 0 4 1 21
47 0 5 0 21
47 0 4 0 21
47 0 3 1 21
47 0 3 1 21
47 0 4 1 21
47 0 4 1 21
47 0 5 0 21
47 0 4 0 21
47 0 3 0 21
47 0 2 1 21
47 0 2 1 21
47 0 3 1 21
47 0 3 1 21
47 0 4 1 21
47 0 4 1 21
47 0 5 1 21
47 0 5 1 21
47 0 6 0 21
47 0 5 1 21
47 0 5 1 21
47 0 6 0 21
47 0 5 1 21
47 0 5 0 21
47 0 4 0 21
47 0 3 1 21
47 0 3 1 21
47 0 4 0 21
47 0 3 1 21
47 0 3 1 21
47 0 4 1 21
47 0 4 1 21
47 1 6 1 21
47 1 6 0 21
47 1 7 1 21
47 1 7 1 21
47 1 6 1 21
47 1 6 1 21
47 1 5 1 21
47 1 5 1 21
47 1 4 0 21
47 1 5 0 21
47 1 6 1 21
47 1 6 1 21
47 1 5 1 21
47 1 5 1 21
47 1 4 1 21
47 1 4 1 21
47 1 3 0 21
47 1 4 1 21
47 1 4 0 21
47 1 5 1 21
47 1 5 1 21
47 1 4 1 21
47 1 4 1 21
47 1 3 1 21
47 1 3 1 21
47 1 2 0 21
47 1 3 0 21
47 1 4 1 21
47 1 4 0 21
47 1 5 0 21
47 1 6 1 21
47 1 6 1 21
47 1 5 1 21
47 1 5 1 21
47 1 4 1 21
47 1 4 1 21
47 1 3 0 21
47 1 4 0 21
47 1 5 1 21
47 1 5 0 21
47 1 6 0 21
47 1 7 0 21
47 1 8 1 21
47 1 8 1 21
47 1 7 0 21
47 1 8 1 21
47 1 8 1 21
47 1 7 1 21
47 1 7 1 21
47 1 6 0 21
47 1 7 1 21
47 1 7 1 21
47 1 6 1 21
47 1 6 1 21
47 1 5 1 21
47 1 5 1 21
47 1 4 0 21
47 1 5 1 21
47 1 5 1 21
47 1 4 1 21
47 1 4 1 21
47 1 3 0 21
47 1 4 1 21
47 1 4 1 21
47 1 3 0 21
47 0 5 1 21
47 0 5 0 21
47 0 4 0 21
47 0 3 1 21
47 0 3 0 21
47 0 2 1 21
47 0 2 1 21
47 0 3 1 21
47 0 3 1 21
47 0 4 0 21
47 0 3 0 21
47 0 2 1 21
47 0 2 1 21
47 0 3 1 21
47 0 3 0 21
47 0 2 1 21
47 0 2 1 21
47 0 3 1 21
47 0 3 1 21
47 0 4 1 21
47 0 4 0 21
47 0 3 1 21
47 0 3 0 21
47 0 2 0 21
47 0 1 0 21
47 0 1 1 21
47 0 1 1 21
47 0 2 1 21
47 0 2 0 21
47 0 1 1 21
47 0 1 0 21
47 0 1 1 21
47 0 1 1 21
47 0 2 1 21
47 0 2 1 21
47 0 3 1 21
47 0 3 1 21
47 0 4 0 21
47 0 3 1 21
47 0 3 1 21
47 0 4 0 21
47 0 3 1 21
47 0 3 1 21
47 0 4 0 21
47 0 3 1 21
47 0 3 1 21
47 0 4 0 21
47 0 3 1 21
47 0 3 1 21
47 0 4 0 21
47 0 3 0 21
47 0 2 1 21
47 0 2 1 21
47 0 3 1 21
47 0 3 0 21
47 0 2 1 21
47 0 2 1 21
47 0 3 1 21
47 0 3 1 21
47 0 4 0 21
47 0 3 1 21
47 0 3 0 21
47 0 2 1 21
47 0 2 1 21
47 0 3 1 21
47 1 4 1 21
47 1 4 1 21
47 1 3 1 21
47 1 3 0 21
47 1 4 0 21
47 1 5 1 21
47 1 5 1 21
47 1 4 0 21
47 1 5 0 21
47 1 6 1 21
47 1 6 1 21
47 1 5 1 21
47 1 5 1 21
47 1 4 1 21
47 1 4 0 21
47 1 5 1 21
47 1 5 1 21
47 1 4 1 21
47 1 4 1 21
47 1 3 1 21
47 1 3 1 21
47 1 2 0 21
47 1 3 0 21
47 1 4 0 21
47 1 5 1 21
47 1 5 1 21
47 1 4 1 21
47 1 4 0 21
47 1 5 1 21
47 1 5 1 21
47 1 4 1 21
47 1 4 1 21
47 1 3 0 21
47 1 4 1 21
47 1 4 0 21
47 1 5 1 21
47 1 5 0 21
47 1 6 1 21
47 1 6 1 21
47 1 5 0 21
47 1 6 1 21
47 1 6 1 21
47 1 5 1 21
47 1 5 0 21
47 1 6 1 21
47 1 6 1 21
47 1 5 1 21
47 1 5 1 21
47 1 4 1 21
47 1 4 1 21
47 1 3 1 21
47 1 3 1 21
47 1 2 1 21
47 1 2 0 21
47 1 3 0 21
47 1 4 1 21
47 1 4 1 21
47 1 3 1 21
47 1 3 1 21
47 1 2 0 21
47 1 3 1 21
47 1 3 1 21
47 1 2 0 21
47 1 3 1 21
47 1 3 1 21
